1738521133242 0.03554923569143263 100
1738521143181 0.07109847138286526 200
1738521153601 0.10664770707429791 300
1738521164012 0.14219694276573053 400
1738521174446 0.17774617845716317 500
1738521185419 0.21329541414859582 600
1738521196389 0.24884464984002844 700
1738521206985 0.28439388553146105 800
1738521217593 0.3199431212228937 900
1738521228331 0.35549235691432635 1000
1738521239253 0.391041592605759 1100
1738521250384 0.42659082829719164 1200
1738521261678 0.46214006398862423 1300
1738521272869 0.4976892996800569 1400
1738521284244 0.5332385353714895 1500
1738521295615 0.5687877710629221 1600
1738521306620 0.6043370067543548 1700
1738521317681 0.6398862424457874 1800
1738521328950 0.67543547813722 1900
1738521340599 0.7109847138286527 2000
1738521352706 0.7465339495200853 2100
1738521365103 0.782083185211518 2200
1738521377947 0.8176324209029506 2300
1738521390467 0.8531816565943833 2400
1738521403129 0.8887308922858158 2500
1738521415984 0.9242801279772485 2600
1738521429011 0.9598293636686811 2700
1738521442214 0.9953785993601137 2800
1738521466576 1.0 2813
1738521466580 1.0 2813
1738521479077 1.0309278350515463 2900
1738521492734 1.066477070742979 3000
1738521506513 1.1020263064344116 3100
1738521520059 1.1375755421258442 3200
1738521533963 1.1731247778172769 3300
1738521547813 1.2086740135087095 3400
1738521561748 1.2442232492001422 3500
1738521574946 1.2797724848915748 3600
1738521588628 1.3153217205830074 3700
1738521601914 1.35087095627444 3800
1738521615312 1.3864201919658727 3900
1738521628400 1.4219694276573054 4000
1738521641505 1.457518663348738 4100
1738521654358 1.4930678990401707 4200
1738521667532 1.5286171347316033 4300
1738521680543 1.564166370423036 4400
1738521693424 1.5997156061144686 4500
1738521706375 1.6352648418059013 4600
1738521718829 1.670814077497334 4700
1738521731402 1.7063633131887666 4800
1738521743781 1.7419125488801992 4900
1738521756181 1.7774617845716318 5000
1738521768496 1.8130110202630645 5100
1738521780708 1.8485602559544971 5200
1738521793025 1.8841094916459296 5300
1738521805106 1.9196587273373622 5400
1738521817187 1.9552079630287948 5500
1738521829043 1.9907571987202275 5600
1738521851547 2.0 5626
1738521851552 2.0 5626
1738521860751 2.0263064344116604 5700
1738521872623 2.0618556701030926 5800
1738521884454 2.097404905794525 5900
1738521896246 2.132954141485958 6000
1738521908038 2.1685033771773905 6100
1738521919790 2.204052612868823 6200
1738521931565 2.239601848560256 6300
1738521943296 2.2751510842516884 6400
1738521955269 2.310700319943121 6500
1738521967029 2.3462495556345537 6600
1738521978782 2.3817987913259864 6700
1738521990443 2.417348027017419 6800
1738522002072 2.4528972627088517 6900
1738522013818 2.4884464984002843 7000
1738522025535 2.523995734091717 7100
1738522037265 2.5595449697831496 7200
1738522049101 2.5950942054745822 7300
1738522060892 2.630643441166015 7400
1738522072620 2.6661926768574475 7500
1738522084356 2.70174191254888 7600
1738522096186 2.737291148240313 7700
1738522107936 2.7728403839317455 7800
1738522119658 2.808389619623178 7900
1738522131453 2.8439388553146108 8000
1738522143187 2.8794880910060434 8100
1738522154930 2.915037326697476 8200
1738522166598 2.9505865623889087 8300
1738522178261 2.9861357980803414 8400
1738522201848 3.0 8439
1738522201854 3.0 8439
1738522210853 3.021685033771774 8500
1738522222431 3.0572342694632066 8600
1738522234187 3.0927835051546393 8700
1738522245865 3.128332740846072 8800
1738522257584 3.1638819765375046 8900
1738522269405 3.1994312122289372 9000
1738522281177 3.23498044792037 9100
1738522292882 3.2705296836118025 9200
1738522304627 3.306078919303235 9300
1738522316397 3.341628154994668 9400
1738522328120 3.3771773906861 9500
1738522339820 3.412726626377533 9600
1738522351585 3.4482758620689653 9700
1738522363360 3.4838250977603984 9800
1738522375109 3.5193743334518306 9900
1738522386825 3.5549235691432637 10000
1738522398598 3.590472804834696 10100
1738522410486 3.6260220405261285 10200
1738522422273 3.661571276217561 10300
1738522434103 3.697120511908994 10400
1738522445893 3.7326697476004265 10500
1738522457615 3.768218983291859 10600
1738522469275 3.8037682189832918 10700
1738522481023 3.8393174546747244 10800
1738522492767 3.874866690366157 10900
1738522504450 3.9104159260575897 11000
1738522516070 3.9459651617490223 11100
1738522527751 3.981514397440455 11200
1738522552837 4.0 11252
1738522552841 4.0 11252
1738522575147 4.017063633131888 11300
1738522586467 4.052612868823321 11400
1738522598406 4.088162104514753 11500
1738522610346 4.123711340206185 11600
1738522622150 4.159260575897618 11700
1738522634189 4.19480981158905 11800
1738522646025 4.2303590472804835 11900
1738522657922 4.265908282971916 12000
1738522669836 4.301457518663349 12100
1738522681853 4.337006754354781 12200
1738522693837 4.372555990046214 12300
1738522705649 4.408105225737646 12400
1738522717474 4.443654461429079 12500
1738522729260 4.479203697120512 12600
1738522740964 4.514752932811945 12700
1738522752733 4.550302168503377 12800
1738522764541 4.58585140419481 12900
1738522776274 4.621400639886242 13000
1738522787993 4.656949875577675 13100
1738522799812 4.6924991112691075 13200
1738522811676 4.7280483469605405 13300
1738522823478 4.763597582651973 13400
1738522835307 4.799146818343406 13500
1738522847158 4.834696054034838 13600
1738522859007 4.870245289726271 13700
1738522870838 4.905794525417703 13800
1738522882669 4.941343761109136 13900
1738522894500 4.976892996800569 14000
1738522921251 5.0 14065
1738522921256 5.0 14065
1738522935192 5.012442232492002 14100
1738522946965 5.047991468183434 14200
1738522958675 5.083540703874867 14300
1738522970434 5.119089939566299 14400
1738522982171 5.154639175257732 14500
1738522994449 5.1901884109491645 14600
1738523006257 5.225737646640598 14700
1738523018510 5.26128688233203 14800
1738523030437 5.296836118023463 14900
1738523042140 5.332385353714895 15000
1738523054112 5.367934589406328 15100
1738523065978 5.40348382509776 15200
1738523077868 5.439033060789193 15300
1738523089800 5.474582296480626 15400
1738523101800 5.510131532172059 15500
1738523114407 5.545680767863491 15600
1738523127426 5.581230003554923 15700
1738523139925 5.616779239246356 15800
1738523152137 5.6523284749377884 15900
1738523164287 5.6878777106292215 16000
1738523176351 5.723426946320654 16100
1738523188455 5.758976182012087 16200
1738523201433 5.794525417703519 16300
1738523214179 5.830074653394952 16400
1738523227010 5.865623889086384 16500
1738523239361 5.901173124777817 16600
1738523251943 5.93672236046925 16700
1738523264632 5.972271596160683 16800
1738523295369 6.0 16878
1738523295375 6.0 16878
1738523298784 6.007820831852115 16900
1738523311781 6.043370067543548 17000
1738523325110 6.07891930323498 17100
1738523338353 6.114468538926413 17200
1738523352078 6.1500177746178455 17300
1738523365973 6.185567010309279 17400
1738523379316 6.221116246000711 17500
1738523392677 6.256665481692144 17600
1738523406342 6.292214717383576 17700
1738523419839 6.327763953075009 17800
1738523433072 6.363313188766441 17900
1738523446208 6.3988624244578745 18000
1738523459579 6.434411660149307 18100
1738523472956 6.46996089584074 18200
1738523486282 6.505510131532172 18300
1738523499661 6.541059367223605 18400
1738523513488 6.576608602915037 18500
1738523527672 6.61215783860647 18600
1738523541687 6.6477070742979025 18700
1738523556002 6.683256309989336 18800
1738523570080 6.718805545680768 18900
1738523584513 6.7543547813722 19000
1738523599050 6.789904017063633 19100
1738523613514 6.825453252755066 19200
1738523627274 6.861002488446498 19300
1738523641460 6.896551724137931 19400
1738523655697 6.932100959829364 19500
1738523669846 6.967650195520797 19600
1738523704944 7.0 19691
1738523704950 7.0 19691
1738523705683 7.0 19691
