1738521133242 1.1380963325500488 100
1738521143181 1.7011111974716187 200
1738521153601 6.445086479187012 300
1738521164012 3.0302200317382812 400
1738521174446 3.019202947616577 500
1738521185419 2.873772621154785 600
1738521196389 2.24297833442688 700
1738521206985 2.357598304748535 800
1738521217593 2.0794639587402344 900
1738521228331 2.2205593585968018 1000
1738521239253 1.678720474243164 1100
1738521250384 3.200695276260376 1200
1738521261678 1.8828036785125732 1300
1738521272869 2.2837812900543213 1400
1738521284244 2.1972882747650146 1500
1738521295615 5.723134994506836 1600
1738521306620 3.214486837387085 1700
1738521317681 4.348689556121826 1800
1738521328950 5.957622051239014 1900
1738521340599 1.3929177522659302 2000
1738521352706 1.489719271659851 2100
1738521365103 1.3708761930465698 2200
1738521377947 2.9047811031341553 2300
1738521390467 5.6059136390686035 2400
1738521403129 3.8465452194213867 2500
1738521415984 4.677412986755371 2600
1738521429011 2.460557699203491 2700
1738521442214 2.1740846633911133 2800
1738521479077 3.5117244720458984 2900
1738521492734 3.903961420059204 3000
1738521506513 4.835000514984131 3100
1738521520059 1.7011350393295288 3200
1738521533963 1.4562779664993286 3300
1738521547813 1.8917427062988281 3400
1738521561748 3.229358196258545 3500
1738521574946 2.370931625366211 3600
1738521588628 4.998196601867676 3700
1738521601914 1.431514859199524 3800
1738521615312 5.581537246704102 3900
1738521628400 2.041036605834961 4000
1738521641505 4.221310615539551 4100
1738521654358 1.7952852249145508 4200
1738521667532 2.1595191955566406 4300
1738521680543 6.409945964813232 4400
1738521693424 1.8726574182510376 4500
1738521706375 2.0648632049560547 4600
1738521718829 3.113851308822632 4700
1738521731402 5.935067653656006 4800
1738521743781 2.9394052028656006 4900
1738521756181 9.08421516418457 5000
1738521768496 2.4524004459381104 5100
1738521780708 5.889806270599365 5200
1738521793025 4.129329681396484 5300
1738521805106 1.4897379875183105 5400
1738521817187 2.6244113445281982 5500
1738521829043 3.181790828704834 5600
1738521860751 3.643113136291504 5700
1738521872623 4.043612957000732 5800
1738521884454 2.5970351696014404 5900
1738521896246 2.4326553344726562 6000
1738521908038 3.6372575759887695 6100
1738521919790 1.8292821645736694 6200
1738521931565 3.122501850128174 6300
1738521943296 2.4710724353790283 6400
1738521955269 2.727170467376709 6500
1738521967029 1.8992655277252197 6600
1738521978782 4.472537517547607 6700
1738521990443 4.8409552574157715 6800
1738522002072 5.565708160400391 6900
1738522013818 3.2840685844421387 7000
1738522025535 2.1968817710876465 7100
1738522037265 5.715242385864258 7200
1738522049101 2.6256103515625 7300
1738522060892 2.6257643699645996 7400
1738522072620 7.039953708648682 7500
1738522084356 4.324301719665527 7600
1738522096186 4.988895893096924 7700
1738522107936 1.9803396463394165 7800
1738522119658 3.896885871887207 7900
1738522131453 5.0824666023254395 8000
1738522143187 4.02910852432251 8100
1738522154930 1.6264574527740479 8200
1738522166598 3.943101644515991 8300
1738522178261 1.9503759145736694 8400
1738522210853 4.756113052368164 8500
1738522222431 2.4348762035369873 8600
1738522234187 6.065619468688965 8700
1738522245865 9.641337394714355 8800
1738522257584 5.498687267303467 8900
1738522269405 1.9731707572937012 9000
1738522281177 2.403172016143799 9100
1738522292882 5.69149923324585 9200
1738522304627 3.816911458969116 9300
1738522316397 6.536831855773926 9400
1738522328120 2.4758780002593994 9500
1738522339820 5.393370151519775 9600
1738522351585 3.220902442932129 9700
1738522363360 3.0534121990203857 9800
1738522375109 3.076507568359375 9900
1738522386825 4.694567680358887 10000
1738522398598 4.3975300788879395 10100
1738522410486 5.172554969787598 10200
1738522422273 3.3740291595458984 10300
1738522434103 4.990560054779053 10400
1738522445893 4.613819599151611 10500
1738522457615 4.355301856994629 10600
1738522469275 2.8797214031219482 10700
1738522481023 1.7917847633361816 10800
1738522492767 2.8582098484039307 10900
1738522504450 3.050438642501831 11000
1738522516070 3.124950647354126 11100
1738522527751 1.6803416013717651 11200
1738522575147 2.1363070011138916 11300
1738522586467 3.951154947280884 11400
1738522598406 5.932271957397461 11500
1738522610346 5.514482021331787 11600
1738522622150 3.1203606128692627 11700
1738522634189 4.561753273010254 11800
1738522646025 6.748963356018066 11900
1738522657922 4.708960056304932 12000
1738522669836 4.716034889221191 12100
1738522681853 8.255359649658203 12200
1738522693837 3.732870101928711 12300
1738522705649 3.471266269683838 12400
1738522717474 3.0839669704437256 12500
1738522729260 4.656473159790039 12600
1738522740964 3.901177406311035 12700
1738522752733 3.6656956672668457 12800
1738522764541 2.711709499359131 12900
1738522776274 4.11728572845459 13000
1738522787993 4.90502405166626 13100
1738522799812 2.2204318046569824 13200
1738522811676 5.943542957305908 13300
1738522823478 3.1900806427001953 13400
1738522835307 3.455646514892578 13500
1738522847158 4.186535358428955 13600
1738522859007 5.482212543487549 13700
1738522870838 8.567314147949219 13800
1738522882669 5.650322437286377 13900
1738522894500 4.802304267883301 14000
1738522935192 2.997824192047119 14100
1738522946965 4.235315322875977 14200
1738522958675 3.6964914798736572 14300
1738522970434 4.498377799987793 14400
1738522982171 7.422625541687012 14500
1738522994449 5.373015880584717 14600
1738523006257 3.996554374694824 14700
1738523018510 4.499440670013428 14800
1738523030437 1.1713151931762695 14900
1738523042140 3.1273679733276367 15000
1738523054112 4.453439712524414 15100
1738523065978 5.631086826324463 15200
1738523077868 1.3435932397842407 15300
1738523089800 3.468958616256714 15400
1738523101800 5.552924633026123 15500
1738523114407 6.404478073120117 15600
1738523127426 8.720573425292969 15700
1738523139925 2.126871347427368 15800
1738523152137 2.914585828781128 15900
1738523164287 4.76296854019165 16000
1738523176351 4.31327486038208 16100
1738523188455 2.0853195190429688 16200
1738523201433 4.426745891571045 16300
1738523214179 2.9145660400390625 16400
1738523227010 0.544246256351471 16500
1738523239361 4.564271926879883 16600
1738523251943 4.686131954193115 16700
1738523264632 4.456283092498779 16800
1738523298784 4.21534538269043 16900
1738523311781 4.107622146606445 17000
1738523325110 1.8529728651046753 17100
1738523338353 8.38018798828125 17200
1738523352078 2.7134180068969727 17300
1738523365973 3.5262601375579834 17400
1738523379316 4.202657699584961 17500
1738523392677 2.898881196975708 17600
1738523406342 3.2284817695617676 17700
1738523419839 2.704235315322876 17800
1738523433072 3.995804786682129 17900
1738523446208 2.335885763168335 18000
1738523459579 2.697099208831787 18100
1738523472956 10.110286712646484 18200
1738523486282 2.065019130706787 18300
1738523499661 1.5256496667861938 18400
1738523513488 3.664637327194214 18500
1738523527672 1.4015101194381714 18600
1738523541687 8.508045196533203 18700
1738523556002 5.310751914978027 18800
1738523570080 5.852289199829102 18900
1738523584513 1.703819990158081 19000
1738523599050 2.192052125930786 19100
1738523613514 3.7862703800201416 19200
1738523627274 1.4416091442108154 19300
1738523641460 2.6924753189086914 19400
1738523655697 1.2705074548721313 19500
1738523669846 3.163158655166626 19600
