1738521133242 4.982225382154284e-05 100
1738521143181 4.964450764308568e-05 200
1738521153601 4.946676146462851e-05 300
1738521164012 4.9289015286171345e-05 400
1738521174446 4.9111269107714185e-05 500
1738521185419 4.8933522929257026e-05 600
1738521196389 4.875577675079986e-05 700
1738521206985 4.85780305723427e-05 800
1738521217593 4.8400284393885534e-05 900
1738521228331 4.822253821542837e-05 1000
1738521239253 4.804479203697121e-05 1100
1738521250384 4.786704585851404e-05 1200
1738521261678 4.768929968005688e-05 1300
1738521272869 4.7511553501599724e-05 1400
1738521284244 4.733380732314255e-05 1500
1738521295615 4.715606114468539e-05 1600
1738521306620 4.6978314966228225e-05 1700
1738521317681 4.6800568787771066e-05 1800
1738521328950 4.6622822609313907e-05 1900
1738521340599 4.644507643085674e-05 2000
1738521352706 4.6267330252399574e-05 2100
1738521365103 4.608958407394241e-05 2200
1738521377947 4.591183789548525e-05 2300
1738521390467 4.573409171702809e-05 2400
1738521403129 4.555634553857092e-05 2500
1738521415984 4.537859936011376e-05 2600
1738521429011 4.520085318165659e-05 2700
1738521442214 4.502310700319943e-05 2800
1738521479077 4.484536082474227e-05 2900
1738521492734 4.4667614646285106e-05 3000
1738521506513 4.448986846782795e-05 3100
1738521520059 4.431212228937078e-05 3200
1738521533963 4.4134376110913614e-05 3300
1738521547813 4.3956629932456455e-05 3400
1738521561748 4.377888375399929e-05 3500
1738521574946 4.360113757554213e-05 3600
1738521588628 4.342339139708497e-05 3700
1738521601914 4.32456452186278e-05 3800
1738521615312 4.306789904017064e-05 3900
1738521628400 4.289015286171347e-05 4000
1738521641505 4.271240668325631e-05 4100
1738521654358 4.253466050479915e-05 4200
1738521667532 4.235691432634199e-05 4300
1738521680543 4.217916814788482e-05 4400
1738521693424 4.2001421969427655e-05 4500
1738521706375 4.1823675790970495e-05 4600
1738521718829 4.1645929612513336e-05 4700
1738521731402 4.146818343405617e-05 4800
1738521743781 4.129043725559901e-05 4900
1738521756181 4.1112691077141844e-05 5000
1738521768496 4.093494489868468e-05 5100
1738521780708 4.075719872022752e-05 5200
1738521793025 4.057945254177035e-05 5300
1738521805106 4.040170636331319e-05 5400
1738521817187 4.022396018485603e-05 5500
1738521829043 4.004621400639886e-05 5600
1738521860751 3.98684678279417e-05 5700
1738521872623 3.9690721649484535e-05 5800
1738521884454 3.9512975471027376e-05 5900
1738521896246 3.9335229292570217e-05 6000
1738521908038 3.915748311411305e-05 6100
1738521919790 3.8979736935655884e-05 6200
1738521931565 3.880199075719872e-05 6300
1738521943296 3.862424457874156e-05 6400
1738521955269 3.84464984002844e-05 6500
1738521967029 3.826875222182723e-05 6600
1738521978782 3.809100604337007e-05 6700
1738521990443 3.791325986491291e-05 6800
1738522002072 3.773551368645574e-05 6900
1738522013818 3.755776750799858e-05 7000
1738522025535 3.7380021329541416e-05 7100
1738522037265 3.720227515108426e-05 7200
1738522049101 3.702452897262709e-05 7300
1738522060892 3.6846782794169924e-05 7400
1738522072620 3.6669036615712765e-05 7500
1738522084356 3.64912904372556e-05 7600
1738522096186 3.631354425879844e-05 7700
1738522107936 3.613579808034127e-05 7800
1738522119658 3.595805190188411e-05 7900
1738522131453 3.578030572342695e-05 8000
1738522143187 3.560255954496978e-05 8100
1738522154930 3.542481336651262e-05 8200
1738522166598 3.524706718805546e-05 8300
1738522178261 3.50693210095983e-05 8400
1738522210853 3.489157483114113e-05 8500
1738522222431 3.4713828652683964e-05 8600
1738522234187 3.4536082474226805e-05 8700
1738522245865 3.4358336295769646e-05 8800
1738522257584 3.418059011731248e-05 8900
1738522269405 3.4002843938855313e-05 9000
1738522281177 3.3825097760398154e-05 9100
1738522292882 3.364735158194099e-05 9200
1738522304627 3.346960540348383e-05 9300
1738522316397 3.329185922502666e-05 9400
1738522328120 3.31141130465695e-05 9500
1738522339820 3.293636686811234e-05 9600
1738522351585 3.275862068965517e-05 9700
1738522363360 3.258087451119801e-05 9800
1738522375109 3.2403128332740845e-05 9900
1738522386825 3.2225382154283686e-05 10000
1738522398598 3.2047635975826526e-05 10100
1738522410486 3.1869889797369354e-05 10200
1738522422273 3.1692143618912194e-05 10300
1738522434103 3.151439744045503e-05 10400
1738522445893 3.133665126199787e-05 10500
1738522457615 3.115890508354071e-05 10600
1738522469275 3.098115890508354e-05 10700
1738522481023 3.080341272662638e-05 10800
1738522492767 3.062566654816922e-05 10900
1738522504450 3.044792036971205e-05 11000
1738522516070 3.0270174191254892e-05 11100
1738522527751 3.0092428012797726e-05 11200
1738522575147 2.9914681834340563e-05 11300
1738522586467 2.9736935655883404e-05 11400
1738522598406 2.9559189477426234e-05 11500
1738522610346 2.9381443298969075e-05 11600
1738522622150 2.920369712051191e-05 11700
1738522634189 2.9025950942054746e-05 11800
1738522646025 2.8848204763597587e-05 11900
1738522657922 2.867045858514042e-05 12000
1738522669836 2.8492712406683258e-05 12100
1738522681853 2.831496622822609e-05 12200
1738522693837 2.8137220049768932e-05 12300
1738522705649 2.795947387131177e-05 12400
1738522717474 2.7781727692854603e-05 12500
1738522729260 2.7603981514397444e-05 12600
1738522740964 2.742623533594028e-05 12700
1738522752733 2.7248489157483115e-05 12800
1738522764541 2.7070742979025952e-05 12900
1738522776274 2.6892996800568786e-05 13000
1738522787993 2.6715250622111627e-05 13100
1738522799812 2.6537504443654464e-05 13200
1738522811676 2.6359758265197298e-05 13300
1738522823478 2.618201208674014e-05 13400
1738522835307 2.6004265908282972e-05 13500
1738522847158 2.582651972982581e-05 13600
1738522859007 2.564877355136865e-05 13700
1738522870838 2.547102737291148e-05 13800
1738522882669 2.529328119445432e-05 13900
1738522894500 2.5115535015997155e-05 14000
1738522935192 2.4937788837539992e-05 14100
1738522946965 2.476004265908283e-05 14200
1738522958675 2.458229648062567e-05 14300
1738522970434 2.4404550302168504e-05 14400
1738522982171 2.422680412371134e-05 14500
1738522994449 2.404905794525418e-05 14600
1738523006257 2.3871311766797012e-05 14700
1738523018510 2.3693565588339853e-05 14800
1738523030437 2.351581940988269e-05 14900
1738523042140 2.3338073231425524e-05 15000
1738523054112 2.316032705296836e-05 15100
1738523065978 2.2982580874511202e-05 15200
1738523077868 2.2804834696054036e-05 15300
1738523089800 2.2627088517596873e-05 15400
1738523101800 2.244934233913971e-05 15500
1738523114407 2.2271596160682544e-05 15600
1738523127426 2.2093849982225385e-05 15700
1738523139925 2.191610380376822e-05 15800
1738523152137 2.1738357625311056e-05 15900
1738523164287 2.1560611446853893e-05 16000
1738523176351 2.138286526839673e-05 16100
1738523188455 2.1205119089939568e-05 16200
1738523201433 2.1027372911482405e-05 16300
1738523214179 2.084962673302524e-05 16400
1738523227010 2.0671880554568076e-05 16500
1738523239361 2.0494134376110917e-05 16600
1738523251943 2.031638819765375e-05 16700
1738523264632 2.0138642019196588e-05 16800
1738523298784 1.9960895840739425e-05 16900
1738523311781 1.9783149662282262e-05 17000
1738523325110 1.96054034838251e-05 17100
1738523338353 1.9427657305367937e-05 17200
1738523352078 1.924991112691077e-05 17300
1738523365973 1.9072164948453608e-05 17400
1738523379316 1.889441876999645e-05 17500
1738523392677 1.8716672591539282e-05 17600
1738523406342 1.853892641308212e-05 17700
1738523419839 1.8361180234624957e-05 17800
1738523433072 1.8183434056167794e-05 17900
1738523446208 1.800568787771063e-05 18000
1738523459579 1.782794169925347e-05 18100
1738523472956 1.7650195520796302e-05 18200
1738523486282 1.747244934233914e-05 18300
1738523499661 1.7294703163881977e-05 18400
1738523513488 1.7116956985424814e-05 18500
1738523527672 1.693921080696765e-05 18600
1738523541687 1.676146462851049e-05 18700
1738523556002 1.6583718450053326e-05 18800
1738523570080 1.6405972271596163e-05 18900
1738523584513 1.6228226093138997e-05 19000
1738523599050 1.6050479914681834e-05 19100
1738523613514 1.587273373622467e-05 19200
1738523627274 1.569498755776751e-05 19300
1738523641460 1.5517241379310346e-05 19400
1738523655697 1.5339495200853183e-05 19500
1738523669846 1.5161749022396019e-05 19600
