1738521133242 0.6635 100
1738521143181 0.4857 200
1738521153601 0.4086 300
1738521164012 0.4145 400
1738521174446 0.4104 500
1738521185419 0.3841 600
1738521196389 0.3875 700
1738521206985 0.3872 800
1738521217593 0.3844 900
1738521228331 0.3466 1000
1738521239253 0.3632 1100
1738521250384 0.3347 1200
1738521261678 0.3671 1300
1738521272869 0.3811 1400
1738521284244 0.3624 1500
1738521295615 0.3798 1600
1738521306620 0.3623 1700
1738521317681 0.3128 1800
1738521328950 0.3207 1900
1738521340599 0.3731 2000
1738521352706 0.3553 2100
1738521365103 0.3392 2200
1738521377947 0.3526 2300
1738521390467 0.3323 2400
1738521403129 0.3436 2500
1738521415984 0.3349 2600
1738521429011 0.3507 2700
1738521442214 0.3418 2800
1738521479077 0.3211 2900
1738521492734 0.3277 3000
1738521506513 0.3497 3100
1738521520059 0.3192 3200
1738521533963 0.3258 3300
1738521547813 0.3438 3400
1738521561748 0.3177 3500
1738521574946 0.3297 3600
1738521588628 0.3255 3700
1738521601914 0.3454 3800
1738521615312 0.3267 3900
1738521628400 0.3046 4000
1738521641505 0.3222 4100
1738521654358 0.3143 4200
1738521667532 0.3302 4300
1738521680543 0.3328 4400
1738521693424 0.3236 4500
1738521706375 0.3063 4600
1738521718829 0.3299 4700
1738521731402 0.3353 4800
1738521743781 0.3037 4900
1738521756181 0.3041 5000
1738521768496 0.3246 5100
1738521780708 0.3073 5200
1738521793025 0.3396 5300
1738521805106 0.3535 5400
1738521817187 0.3099 5500
1738521829043 0.3038 5600
1738521860751 0.3142 5700
1738521872623 0.2782 5800
1738521884454 0.3122 5900
1738521896246 0.3253 6000
1738521908038 0.3051 6100
1738521919790 0.3324 6200
1738521931565 0.3067 6300
1738521943296 0.3179 6400
1738521955269 0.3042 6500
1738521967029 0.3065 6600
1738521978782 0.2735 6700
1738521990443 0.3114 6800
1738522002072 0.2821 6900
1738522013818 0.3156 7000
1738522025535 0.3104 7100
1738522037265 0.3026 7200
1738522049101 0.3268 7300
1738522060892 0.3103 7400
1738522072620 0.2939 7500
1738522084356 0.2834 7600
1738522096186 0.3198 7700
1738522107936 0.3116 7800
1738522119658 0.3201 7900
1738522131453 0.3002 8000
1738522143187 0.3089 8100
1738522154930 0.3125 8200
1738522166598 0.3105 8300
1738522178261 0.3289 8400
1738522210853 0.2959 8500
1738522222431 0.2975 8600
1738522234187 0.2759 8700
1738522245865 0.278 8800
1738522257584 0.2981 8900
1738522269405 0.2917 9000
1738522281177 0.3026 9100
1738522292882 0.3054 9200
1738522304627 0.3119 9300
1738522316397 0.2773 9400
1738522328120 0.3043 9500
1738522339820 0.2663 9600
1738522351585 0.2934 9700
1738522363360 0.313 9800
1738522375109 0.2903 9900
1738522386825 0.3285 10000
1738522398598 0.295 10100
1738522410486 0.3177 10200
1738522422273 0.269 10300
1738522434103 0.2793 10400
1738522445893 0.3055 10500
1738522457615 0.2983 10600
1738522469275 0.2997 10700
1738522481023 0.2922 10800
1738522492767 0.2896 10900
1738522504450 0.3056 11000
1738522516070 0.3038 11100
1738522527751 0.2831 11200
1738522575147 0.289 11300
1738522586467 0.3085 11400
1738522598406 0.2687 11500
1738522610346 0.2824 11600
1738522622150 0.2782 11700
1738522634189 0.2992 11800
1738522646025 0.2908 11900
1738522657922 0.2759 12000
1738522669836 0.2951 12100
1738522681853 0.2916 12200
1738522693837 0.2766 12300
1738522705649 0.3095 12400
1738522717474 0.279 12500
1738522729260 0.2686 12600
1738522740964 0.3058 12700
1738522752733 0.2749 12800
1738522764541 0.3138 12900
1738522776274 0.2859 13000
1738522787993 0.3161 13100
1738522799812 0.295 13200
1738522811676 0.3126 13300
1738522823478 0.2625 13400
1738522835307 0.3031 13500
1738522847158 0.297 13600
1738522859007 0.2749 13700
1738522870838 0.2698 13800
1738522882669 0.2815 13900
1738522894500 0.3044 14000
1738522935192 0.2732 14100
1738522946965 0.2561 14200
1738522958675 0.2685 14300
1738522970434 0.2601 14400
1738522982171 0.2894 14500
1738522994449 0.2856 14600
1738523006257 0.2775 14700
1738523018510 0.2773 14800
1738523030437 0.2788 14900
1738523042140 0.2731 15000
1738523054112 0.2906 15100
1738523065978 0.2725 15200
1738523077868 0.2681 15300
1738523089800 0.2898 15400
1738523101800 0.2734 15500
1738523114407 0.2866 15600
1738523127426 0.2741 15700
1738523139925 0.2965 15800
1738523152137 0.2843 15900
1738523164287 0.3093 16000
1738523176351 0.2956 16100
1738523188455 0.2674 16200
1738523201433 0.3117 16300
1738523214179 0.2681 16400
1738523227010 0.2694 16500
1738523239361 0.2626 16600
1738523251943 0.2945 16700
1738523264632 0.29 16800
1738523298784 0.2782 16900
1738523311781 0.2696 17000
1738523325110 0.2799 17100
1738523338353 0.274 17200
1738523352078 0.2839 17300
1738523365973 0.262 17400
1738523379316 0.2977 17500
1738523392677 0.2636 17600
1738523406342 0.239 17700
1738523419839 0.2763 17800
1738523433072 0.2649 17900
1738523446208 0.2696 18000
1738523459579 0.2946 18100
1738523472956 0.2782 18200
1738523486282 0.2574 18300
1738523499661 0.2362 18400
1738523513488 0.2751 18500
1738523527672 0.2942 18600
1738523541687 0.2925 18700
1738523556002 0.2789 18800
1738523570080 0.2728 18900
1738523584513 0.2995 19000
1738523599050 0.2488 19100
1738523613514 0.2856 19200
1738523627274 0.2817 19300
1738523641460 0.2742 19400
1738523655697 0.2472 19500
1738523669846 0.2627 19600
