1738523932012 0.03554923569143263 100
1738523941894 0.07109847138286526 200
1738523952207 0.10664770707429791 300
1738523962499 0.14219694276573053 400
1738523972699 0.17774617845716317 500
1738523983085 0.21329541414859582 600
1738523993575 0.24884464984002844 700
1738524004095 0.28439388553146105 800
1738524014639 0.3199431212228937 900
1738524025233 0.35549235691432635 1000
1738524036276 0.391041592605759 1100
1738524046705 0.42659082829719164 1200
1738524057145 0.46214006398862423 1300
1738524067480 0.4976892996800569 1400
1738524078116 0.5332385353714895 1500
1738524088626 0.5687877710629221 1600
1738524099051 0.6043370067543548 1700
1738524109792 0.6398862424457874 1800
1738524120421 0.67543547813722 1900
1738524130779 0.7109847138286527 2000
1738524141257 0.7465339495200853 2100
1738524151761 0.782083185211518 2200
1738524162340 0.8176324209029506 2300
1738524172828 0.8531816565943833 2400
1738524183313 0.8887308922858158 2500
1738524193856 0.9242801279772485 2600
1738524204648 0.9598293636686811 2700
1738524215968 0.9953785993601137 2800
1738524235921 1.0 2813
1738524235925 1.0 2813
1738524246906 1.0309278350515463 2900
1738524259249 1.066477070742979 3000
1738524271682 1.1020263064344116 3100
1738524283975 1.1375755421258442 3200
1738524296316 1.1731247778172769 3300
1738524309037 1.2086740135087095 3400
1738524321824 1.2442232492001422 3500
1738524335016 1.2797724848915748 3600
1738524347466 1.3153217205830074 3700
1738524359932 1.35087095627444 3800
1738524372591 1.3864201919658727 3900
1738524385385 1.4219694276573054 4000
1738524398794 1.457518663348738 4100
1738524412629 1.4930678990401707 4200
1738524426393 1.5286171347316033 4300
1738524439538 1.564166370423036 4400
1738524453334 1.5997156061144686 4500
1738524466599 1.6352648418059013 4600
1738524479714 1.670814077497334 4700
1738524492992 1.7063633131887666 4800
1738524506194 1.7419125488801992 4900
1738524519426 1.7774617845716318 5000
1738524533089 1.8130110202630645 5100
1738524546736 1.8485602559544971 5200
1738524560191 1.8841094916459296 5300
1738524573645 1.9196587273373622 5400
1738524587685 1.9552079630287948 5500
1738524601978 1.9907571987202275 5600
1738524627290 2.0 5626
1738524627294 2.0 5626
1738524638005 2.0263064344116604 5700
1738524652118 2.0618556701030926 5800
1738524666467 2.097404905794525 5900
1738524680544 2.132954141485958 6000
1738524694397 2.1685033771773905 6100
1738524708248 2.204052612868823 6200
1738524722219 2.239601848560256 6300
1738524736168 2.2751510842516884 6400
1738524750192 2.310700319943121 6500
1738524763927 2.3462495556345537 6600
1738524777057 2.3817987913259864 6700
1738524790039 2.417348027017419 6800
1738524803757 2.4528972627088517 6900
1738524817623 2.4884464984002843 7000
1738524831376 2.523995734091717 7100
1738524845371 2.5595449697831496 7200
1738524859109 2.5950942054745822 7300
1738524872842 2.630643441166015 7400
1738524886192 2.6661926768574475 7500
1738524899813 2.70174191254888 7600
1738524913396 2.737291148240313 7700
1738524926819 2.7728403839317455 7800
1738524940213 2.808389619623178 7900
1738524954201 2.8439388553146108 8000
1738524967809 2.8794880910060434 8100
1738524981542 2.915037326697476 8200
1738524995299 2.9505865623889087 8300
1738525008747 2.9861357980803414 8400
1738525035016 3.0 8439
1738525035020 3.0 8439
1738525044311 3.021685033771774 8500
1738525058017 3.0572342694632066 8600
1738525071866 3.0927835051546393 8700
1738525085544 3.128332740846072 8800
1738525098966 3.1638819765375046 8900
1738525112424 3.1994312122289372 9000
1738525125064 3.23498044792037 9100
1738525137654 3.2705296836118025 9200
1738525150165 3.306078919303235 9300
1738525162684 3.341628154994668 9400
1738525175047 3.3771773906861 9500
1738525187464 3.412726626377533 9600
1738525199817 3.4482758620689653 9700
1738525212145 3.4838250977603984 9800
1738525224357 3.5193743334518306 9900
1738525236569 3.5549235691432637 10000
1738525248772 3.590472804834696 10100
1738525260938 3.6260220405261285 10200
1738525273039 3.661571276217561 10300
1738525284985 3.697120511908994 10400
1738525296924 3.7326697476004265 10500
1738525308953 3.768218983291859 10600
1738525320865 3.8037682189832918 10700
1738525332722 3.8393174546747244 10800
1738525344557 3.874866690366157 10900
1738525356436 3.9104159260575897 11000
1738525368165 3.9459651617490223 11100
1738525379911 3.981514397440455 11200
1738525405173 4.0 11252
1738525405177 4.0 11252
1738525411087 4.017063633131888 11300
1738525423003 4.052612868823321 11400
1738525434861 4.088162104514753 11500
1738525446647 4.123711340206185 11600
1738525458362 4.159260575897618 11700
1738525470061 4.19480981158905 11800
1738525481806 4.2303590472804835 11900
1738525493396 4.265908282971916 12000
1738525505180 4.301457518663349 12100
1738525516859 4.337006754354781 12200
1738525528570 4.372555990046214 12300
1738525540117 4.408105225737646 12400
1738525551816 4.443654461429079 12500
1738525563460 4.479203697120512 12600
1738525575084 4.514752932811945 12700
1738525586651 4.550302168503377 12800
1738525598298 4.58585140419481 12900
1738525609846 4.621400639886242 13000
1738525621344 4.656949875577675 13100
1738525632903 4.6924991112691075 13200
1738525644509 4.7280483469605405 13300
1738525656019 4.763597582651973 13400
1738525667581 4.799146818343406 13500
1738525679116 4.834696054034838 13600
1738525690689 4.870245289726271 13700
1738525702154 4.905794525417703 13800
1738525713788 4.941343761109136 13900
1738525725352 4.976892996800569 14000
1738525751771 5.0 14065
1738525751776 5.0 14065
1738525756132 5.012442232492002 14100
1738525767887 5.047991468183434 14200
1738525780086 5.083540703874867 14300
1738525791865 5.119089939566299 14400
1738525804173 5.154639175257732 14500
1738525816041 5.1901884109491645 14600
1738525827960 5.225737646640598 14700
1738525840500 5.26128688233203 14800
1738525852930 5.296836118023463 14900
1738525864948 5.332385353714895 15000
1738525876713 5.367934589406328 15100
1738525888487 5.40348382509776 15200
1738525900238 5.439033060789193 15300
1738525911947 5.474582296480626 15400
1738525923713 5.510131532172059 15500
1738525935499 5.545680767863491 15600
1738525947386 5.581230003554923 15700
1738525959212 5.616779239246356 15800
1738525971018 5.6523284749377884 15900
1738525982961 5.6878777106292215 16000
1738525994885 5.723426946320654 16100
1738526006770 5.758976182012087 16200
1738526019243 5.794525417703519 16300
1738526031164 5.830074653394952 16400
1738526043639 5.865623889086384 16500
1738526055734 5.901173124777817 16600
1738526067808 5.93672236046925 16700
1738526080453 5.972271596160683 16800
1738526109780 6.0 16878
1738526109784 6.0 16878
1738526110362 6.0 16878
