1738523932012 1.1307425498962402 100
1738523941894 1.986325979232788 200
1738523952207 6.333463191986084 300
1738523962499 2.539494752883911 400
1738523972699 3.4690628051757812 500
1738523983085 2.789368152618408 600
1738523993575 2.159876585006714 700
1738524004095 2.1222734451293945 800
1738524014639 2.0247368812561035 900
1738524025233 2.057750701904297 1000
1738524036276 1.8040642738342285 1100
1738524046705 3.3293697834014893 1200
1738524057145 1.8261796236038208 1300
1738524067480 2.402641773223877 1400
1738524078116 2.2712044715881348 1500
1738524088626 5.291709899902344 1600
1738524099051 3.136852741241455 1700
1738524109792 3.7882957458496094 1800
1738524120421 5.851670265197754 1900
1738524130779 1.3990532159805298 2000
1738524141257 1.4949496984481812 2100
1738524151761 1.2359141111373901 2200
1738524162340 2.682429552078247 2300
1738524172828 5.366012096405029 2400
1738524183313 3.674673080444336 2500
1738524193856 4.799195766448975 2600
1738524204648 2.3998942375183105 2700
1738524215968 2.2046964168548584 2800
1738524246906 2.860337972640991 2900
1738524259249 3.7759525775909424 3000
1738524271682 4.513845920562744 3100
1738524283975 1.809831142425537 3200
1738524296316 1.5600947141647339 3300
1738524309037 1.8722623586654663 3400
1738524321824 3.726309299468994 3500
1738524335016 1.6750102043151855 3600
1738524347466 4.752800941467285 3700
1738524359932 1.2865597009658813 3800
1738524372591 4.926449775695801 3900
1738524385385 1.9046680927276611 4000
1738524398794 3.613940954208374 4100
1738524412629 1.7378658056259155 4200
1738524426393 1.8604170083999634 4300
1738524439538 6.3368330001831055 4400
1738524453334 2.0651438236236572 4500
1738524466599 2.0276541709899902 4600
1738524479714 3.229358196258545 4700
1738524492992 5.115245342254639 4800
1738524506194 3.0555238723754883 4900
1738524519426 8.681059837341309 5000
1738524533089 2.3905344009399414 5100
1738524546736 5.742751598358154 5200
1738524560191 3.572981119155884 5300
1738524573645 1.416382908821106 5400
1738524587685 3.1622376441955566 5500
1738524601978 3.0129404067993164 5600
1738524638005 3.566680908203125 5700
1738524652118 4.193740367889404 5800
1738524666467 2.70788311958313 5900
1738524680544 2.4893548488616943 6000
1738524694397 2.9953415393829346 6100
1738524708248 1.6427470445632935 6200
1738524722219 3.2516539096832275 6300
1738524736168 2.6644551753997803 6400
1738524750192 2.538325309753418 6500
1738524763927 1.901474118232727 6600
1738524777057 3.653226852416992 6700
1738524790039 5.709146022796631 6800
1738524803757 4.795131206512451 6900
1738524817623 2.69067645072937 7000
1738524831376 2.0122029781341553 7100
1738524845371 4.956618785858154 7200
1738524859109 2.6083717346191406 7300
1738524872842 2.197228193283081 7400
1738524886192 6.339911937713623 7500
1738524899813 3.921419143676758 7600
1738524913396 5.247605800628662 7700
1738524926819 2.067781448364258 7800
1738524940213 4.011112213134766 7900
1738524954201 4.546604156494141 8000
1738524967809 3.6905927658081055 8100
1738524981542 1.6929497718811035 8200
1738524995299 3.6016464233398438 8300
1738525008747 1.9695954322814941 8400
1738525044311 4.08300256729126 8500
1738525058017 2.462550640106201 8600
1738525071866 6.189918041229248 8700
1738525085544 8.57641887664795 8800
1738525098966 5.083498954772949 8900
1738525112424 1.7885401248931885 9000
1738525125064 2.7055020332336426 9100
1738525137654 5.365658283233643 9200
1738525150165 3.9229514598846436 9300
1738525162684 6.758082389831543 9400
1738525175047 2.423112392425537 9500
1738525187464 4.203507900238037 9600
1738525199817 2.21864914894104 9700
1738525212145 3.713977813720703 9800
1738525224357 2.8053290843963623 9900
1738525236569 4.599135398864746 10000
1738525248772 4.155664920806885 10100
1738525260938 5.022914409637451 10200
1738525273039 3.3623085021972656 10300
1738525284985 4.772121429443359 10400
1738525296924 4.189260482788086 10500
1738525308953 3.727551221847534 10600
1738525320865 2.717517852783203 10700
1738525332722 1.8247019052505493 10800
1738525344557 2.059476613998413 10900
1738525356436 3.0015554428100586 11000
1738525368165 2.7732861042022705 11100
1738525379911 2.2900917530059814 11200
1738525411087 1.9679205417633057 11300
1738525423003 3.835775136947632 11400
1738525434861 6.785309314727783 11500
1738525446647 4.539986610412598 11600
1738525458362 3.5159528255462646 11700
1738525470061 4.344923973083496 11800
1738525481806 6.552495002746582 11900
1738525493396 3.3318004608154297 12000
1738525505180 4.473333835601807 12100
1738525516859 7.671463489532471 12200
1738525528570 3.7659921646118164 12300
1738525540117 3.377000331878662 12400
1738525551816 2.932859182357788 12500
1738525563460 4.43113899230957 12600
1738525575084 3.7213683128356934 12700
1738525586651 3.940200090408325 12800
1738525598298 2.515717029571533 12900
1738525609846 3.907299280166626 13000
1738525621344 5.019277572631836 13100
1738525632903 2.101576089859009 13200
1738525644509 5.547481060028076 13300
1738525656019 3.0488080978393555 13400
1738525667581 2.988952398300171 13500
1738525679116 3.591233968734741 13600
1738525690689 5.765478134155273 13700
1738525702154 8.383637428283691 13800
1738525713788 5.9453206062316895 13900
1738525725352 4.7249436378479 14000
1738525756132 3.0734550952911377 14100
1738525767887 3.7783617973327637 14200
1738525780086 3.329594135284424 14300
1738525791865 4.508945465087891 14400
1738525804173 7.467607498168945 14500
1738525816041 5.233503818511963 14600
1738525827960 3.793111801147461 14700
1738525840500 5.069001197814941 14800
1738525852930 1.0766173601150513 14900
1738525864948 1.4135245084762573 15000
1738525876713 4.1321306228637695 15100
1738525888487 5.939949989318848 15200
1738525900238 1.3410576581954956 15300
1738525911947 3.142171859741211 15400
1738525923713 5.085850238800049 15500
1738525935499 5.581409931182861 15600
1738525947386 8.882866859436035 15700
1738525959212 2.065124988555908 15800
1738525971018 2.3582451343536377 15900
1738525982961 3.721092462539673 16000
1738525994885 3.7543559074401855 16100
1738526006770 1.789360761642456 16200
1738526019243 4.357380390167236 16300
1738526031164 3.355414867401123 16400
1738526043639 0.7653419971466064 16500
1738526055734 3.9869916439056396 16600
1738526067808 4.5946760177612305 16700
1738526080453 4.30994987487793 16800
