1738523932012 4.982225382154284e-05 100
1738523941894 4.964450764308568e-05 200
1738523952207 4.946676146462851e-05 300
1738523962499 4.9289015286171345e-05 400
1738523972699 4.9111269107714185e-05 500
1738523983085 4.8933522929257026e-05 600
1738523993575 4.875577675079986e-05 700
1738524004095 4.85780305723427e-05 800
1738524014639 4.8400284393885534e-05 900
1738524025233 4.822253821542837e-05 1000
1738524036276 4.804479203697121e-05 1100
1738524046705 4.786704585851404e-05 1200
1738524057145 4.768929968005688e-05 1300
1738524067480 4.7511553501599724e-05 1400
1738524078116 4.733380732314255e-05 1500
1738524088626 4.715606114468539e-05 1600
1738524099051 4.6978314966228225e-05 1700
1738524109792 4.6800568787771066e-05 1800
1738524120421 4.6622822609313907e-05 1900
1738524130779 4.644507643085674e-05 2000
1738524141257 4.6267330252399574e-05 2100
1738524151761 4.608958407394241e-05 2200
1738524162340 4.591183789548525e-05 2300
1738524172828 4.573409171702809e-05 2400
1738524183313 4.555634553857092e-05 2500
1738524193856 4.537859936011376e-05 2600
1738524204648 4.520085318165659e-05 2700
1738524215968 4.502310700319943e-05 2800
1738524246906 4.484536082474227e-05 2900
1738524259249 4.4667614646285106e-05 3000
1738524271682 4.448986846782795e-05 3100
1738524283975 4.431212228937078e-05 3200
1738524296316 4.4134376110913614e-05 3300
1738524309037 4.3956629932456455e-05 3400
1738524321824 4.377888375399929e-05 3500
1738524335016 4.360113757554213e-05 3600
1738524347466 4.342339139708497e-05 3700
1738524359932 4.32456452186278e-05 3800
1738524372591 4.306789904017064e-05 3900
1738524385385 4.289015286171347e-05 4000
1738524398794 4.271240668325631e-05 4100
1738524412629 4.253466050479915e-05 4200
1738524426393 4.235691432634199e-05 4300
1738524439538 4.217916814788482e-05 4400
1738524453334 4.2001421969427655e-05 4500
1738524466599 4.1823675790970495e-05 4600
1738524479714 4.1645929612513336e-05 4700
1738524492992 4.146818343405617e-05 4800
1738524506194 4.129043725559901e-05 4900
1738524519426 4.1112691077141844e-05 5000
1738524533089 4.093494489868468e-05 5100
1738524546736 4.075719872022752e-05 5200
1738524560191 4.057945254177035e-05 5300
1738524573645 4.040170636331319e-05 5400
1738524587685 4.022396018485603e-05 5500
1738524601978 4.004621400639886e-05 5600
1738524638005 3.98684678279417e-05 5700
1738524652118 3.9690721649484535e-05 5800
1738524666467 3.9512975471027376e-05 5900
1738524680544 3.9335229292570217e-05 6000
1738524694397 3.915748311411305e-05 6100
1738524708248 3.8979736935655884e-05 6200
1738524722219 3.880199075719872e-05 6300
1738524736168 3.862424457874156e-05 6400
1738524750192 3.84464984002844e-05 6500
1738524763927 3.826875222182723e-05 6600
1738524777057 3.809100604337007e-05 6700
1738524790039 3.791325986491291e-05 6800
1738524803757 3.773551368645574e-05 6900
1738524817623 3.755776750799858e-05 7000
1738524831376 3.7380021329541416e-05 7100
1738524845371 3.720227515108426e-05 7200
1738524859109 3.702452897262709e-05 7300
1738524872842 3.6846782794169924e-05 7400
1738524886192 3.6669036615712765e-05 7500
1738524899813 3.64912904372556e-05 7600
1738524913396 3.631354425879844e-05 7700
1738524926819 3.613579808034127e-05 7800
1738524940213 3.595805190188411e-05 7900
1738524954201 3.578030572342695e-05 8000
1738524967809 3.560255954496978e-05 8100
1738524981542 3.542481336651262e-05 8200
1738524995299 3.524706718805546e-05 8300
1738525008747 3.50693210095983e-05 8400
1738525044311 3.489157483114113e-05 8500
1738525058017 3.4713828652683964e-05 8600
1738525071866 3.4536082474226805e-05 8700
1738525085544 3.4358336295769646e-05 8800
1738525098966 3.418059011731248e-05 8900
1738525112424 3.4002843938855313e-05 9000
1738525125064 3.3825097760398154e-05 9100
1738525137654 3.364735158194099e-05 9200
1738525150165 3.346960540348383e-05 9300
1738525162684 3.329185922502666e-05 9400
1738525175047 3.31141130465695e-05 9500
1738525187464 3.293636686811234e-05 9600
1738525199817 3.275862068965517e-05 9700
1738525212145 3.258087451119801e-05 9800
1738525224357 3.2403128332740845e-05 9900
1738525236569 3.2225382154283686e-05 10000
1738525248772 3.2047635975826526e-05 10100
1738525260938 3.1869889797369354e-05 10200
1738525273039 3.1692143618912194e-05 10300
1738525284985 3.151439744045503e-05 10400
1738525296924 3.133665126199787e-05 10500
1738525308953 3.115890508354071e-05 10600
1738525320865 3.098115890508354e-05 10700
1738525332722 3.080341272662638e-05 10800
1738525344557 3.062566654816922e-05 10900
1738525356436 3.044792036971205e-05 11000
1738525368165 3.0270174191254892e-05 11100
1738525379911 3.0092428012797726e-05 11200
1738525411087 2.9914681834340563e-05 11300
1738525423003 2.9736935655883404e-05 11400
1738525434861 2.9559189477426234e-05 11500
1738525446647 2.9381443298969075e-05 11600
1738525458362 2.920369712051191e-05 11700
1738525470061 2.9025950942054746e-05 11800
1738525481806 2.8848204763597587e-05 11900
1738525493396 2.867045858514042e-05 12000
1738525505180 2.8492712406683258e-05 12100
1738525516859 2.831496622822609e-05 12200
1738525528570 2.8137220049768932e-05 12300
1738525540117 2.795947387131177e-05 12400
1738525551816 2.7781727692854603e-05 12500
1738525563460 2.7603981514397444e-05 12600
1738525575084 2.742623533594028e-05 12700
1738525586651 2.7248489157483115e-05 12800
1738525598298 2.7070742979025952e-05 12900
1738525609846 2.6892996800568786e-05 13000
1738525621344 2.6715250622111627e-05 13100
1738525632903 2.6537504443654464e-05 13200
1738525644509 2.6359758265197298e-05 13300
1738525656019 2.618201208674014e-05 13400
1738525667581 2.6004265908282972e-05 13500
1738525679116 2.582651972982581e-05 13600
1738525690689 2.564877355136865e-05 13700
1738525702154 2.547102737291148e-05 13800
1738525713788 2.529328119445432e-05 13900
1738525725352 2.5115535015997155e-05 14000
1738525756132 2.4937788837539992e-05 14100
1738525767887 2.476004265908283e-05 14200
1738525780086 2.458229648062567e-05 14300
1738525791865 2.4404550302168504e-05 14400
1738525804173 2.422680412371134e-05 14500
1738525816041 2.404905794525418e-05 14600
1738525827960 2.3871311766797012e-05 14700
1738525840500 2.3693565588339853e-05 14800
1738525852930 2.351581940988269e-05 14900
1738525864948 2.3338073231425524e-05 15000
1738525876713 2.316032705296836e-05 15100
1738525888487 2.2982580874511202e-05 15200
1738525900238 2.2804834696054036e-05 15300
1738525911947 2.2627088517596873e-05 15400
1738525923713 2.244934233913971e-05 15500
1738525935499 2.2271596160682544e-05 15600
1738525947386 2.2093849982225385e-05 15700
1738525959212 2.191610380376822e-05 15800
1738525971018 2.1738357625311056e-05 15900
1738525982961 2.1560611446853893e-05 16000
1738525994885 2.138286526839673e-05 16100
1738526006770 2.1205119089939568e-05 16200
1738526019243 2.1027372911482405e-05 16300
1738526031164 2.084962673302524e-05 16400
1738526043639 2.0671880554568076e-05 16500
1738526055734 2.0494134376110917e-05 16600
1738526067808 2.031638819765375e-05 16700
1738526080453 2.0138642019196588e-05 16800
