1738523932012 0.6648 100
1738523941894 0.4997 200
1738523952207 0.413 300
1738523962499 0.4151 400
1738523972699 0.414 500
1738523983085 0.386 600
1738523993575 0.3925 700
1738524004095 0.3921 800
1738524014639 0.3868 900
1738524025233 0.3512 1000
1738524036276 0.3634 1100
1738524046705 0.3365 1200
1738524057145 0.3705 1300
1738524067480 0.3795 1400
1738524078116 0.3641 1500
1738524088626 0.3807 1600
1738524099051 0.3599 1700
1738524109792 0.3115 1800
1738524120421 0.3208 1900
1738524130779 0.3727 2000
1738524141257 0.3594 2100
1738524151761 0.3375 2200
1738524162340 0.3539 2300
1738524172828 0.3328 2400
1738524183313 0.3449 2500
1738524193856 0.3323 2600
1738524204648 0.3549 2700
1738524215968 0.342 2800
1738524246906 0.323 2900
1738524259249 0.3256 3000
1738524271682 0.3476 3100
1738524283975 0.3188 3200
1738524296316 0.3244 3300
1738524309037 0.3481 3400
1738524321824 0.3167 3500
1738524335016 0.3304 3600
1738524347466 0.3268 3700
1738524359932 0.3469 3800
1738524372591 0.3267 3900
1738524385385 0.3051 4000
1738524398794 0.321 4100
1738524412629 0.3145 4200
1738524426393 0.3321 4300
1738524439538 0.3347 4400
1738524453334 0.3222 4500
1738524466599 0.3064 4600
1738524479714 0.3329 4700
1738524492992 0.3344 4800
1738524506194 0.3074 4900
1738524519426 0.3011 5000
1738524533089 0.3287 5100
1738524546736 0.3074 5200
1738524560191 0.3404 5300
1738524573645 0.3539 5400
1738524587685 0.3111 5500
1738524601978 0.3095 5600
1738524638005 0.3142 5700
1738524652118 0.2795 5800
1738524666467 0.312 5900
1738524680544 0.3243 6000
1738524694397 0.3061 6100
1738524708248 0.3359 6200
1738524722219 0.3068 6300
1738524736168 0.3177 6400
1738524750192 0.3026 6500
1738524763927 0.3023 6600
1738524777057 0.2724 6700
1738524790039 0.3137 6800
1738524803757 0.2823 6900
1738524817623 0.3188 7000
1738524831376 0.3116 7100
1738524845371 0.3021 7200
1738524859109 0.3284 7300
1738524872842 0.3091 7400
1738524886192 0.2953 7500
1738524899813 0.2842 7600
1738524913396 0.3206 7700
1738524926819 0.3131 7800
1738524940213 0.3191 7900
1738524954201 0.302 8000
1738524967809 0.3098 8100
1738524981542 0.3133 8200
1738524995299 0.3115 8300
1738525008747 0.33 8400
1738525044311 0.2964 8500
1738525058017 0.296 8600
1738525071866 0.2755 8700
1738525085544 0.2811 8800
1738525098966 0.3026 8900
1738525112424 0.2964 9000
1738525125064 0.2997 9100
1738525137654 0.3048 9200
1738525150165 0.3125 9300
1738525162684 0.2812 9400
1738525175047 0.3037 9500
1738525187464 0.2634 9600
1738525199817 0.2956 9700
1738525212145 0.3144 9800
1738525224357 0.2919 9900
1738525236569 0.3296 10000
1738525248772 0.2945 10100
1738525260938 0.3168 10200
1738525273039 0.2722 10300
1738525284985 0.2791 10400
1738525296924 0.3052 10500
1738525308953 0.2985 10600
1738525320865 0.3009 10700
1738525332722 0.2896 10800
1738525344557 0.2881 10900
1738525356436 0.3079 11000
1738525368165 0.2964 11100
1738525379911 0.2878 11200
1738525411087 0.2902 11300
1738525423003 0.3067 11400
1738525434861 0.2682 11500
1738525446647 0.284 11600
1738525458362 0.278 11700
1738525470061 0.2999 11800
1738525481806 0.2848 11900
1738525493396 0.2797 12000
1738525505180 0.2887 12100
1738525516859 0.294 12200
1738525528570 0.2826 12300
1738525540117 0.309 12400
1738525551816 0.2779 12500
1738525563460 0.27 12600
1738525575084 0.3081 12700
1738525586651 0.2739 12800
1738525598298 0.3116 12900
1738525609846 0.288 13000
1738525621344 0.3141 13100
1738525632903 0.2933 13200
1738525644509 0.3148 13300
1738525656019 0.2644 13400
1738525667581 0.2968 13500
1738525679116 0.2911 13600
1738525690689 0.2795 13700
1738525702154 0.2669 13800
1738525713788 0.2817 13900
1738525725352 0.3045 14000
1738525756132 0.2747 14100
1738525767887 0.2569 14200
1738525780086 0.2696 14300
1738525791865 0.2582 14400
1738525804173 0.2932 14500
1738525816041 0.2856 14600
1738525827960 0.278 14700
1738525840500 0.2784 14800
1738525852930 0.2839 14900
1738525864948 0.2782 15000
1738525876713 0.2891 15100
1738525888487 0.2728 15200
1738525900238 0.2639 15300
1738525911947 0.2919 15400
1738525923713 0.2792 15500
1738525935499 0.2888 15600
1738525947386 0.2739 15700
1738525959212 0.2964 15800
1738525971018 0.2867 15900
1738525982961 0.3013 16000
1738525994885 0.2981 16100
1738526006770 0.2704 16200
1738526019243 0.3085 16300
1738526031164 0.2703 16400
1738526043639 0.2687 16500
1738526055734 0.2621 16600
1738526067808 0.2941 16700
1738526080453 0.2909 16800
