1734435657088 0.03554923569143263 100
1734435666849 0.07109847138286526 200
1734435676625 0.10664770707429791 300
1734435686434 0.14219694276573053 400
1734435696399 0.17774617845716317 500
1734435706333 0.21329541414859582 600
1734435716035 0.24884464984002844 700
1734435725686 0.28439388553146105 800
1734435735364 0.3199431212228937 900
1734435745461 0.35549235691432635 1000
1734435755393 0.391041592605759 1100
1734435765198 0.42659082829719164 1200
1734435775102 0.46214006398862423 1300
1734435784935 0.4976892996800569 1400
1734435794754 0.5332385353714895 1500
1734435804592 0.5687877710629221 1600
1734435814367 0.6043370067543548 1700
1734435824148 0.6398862424457874 1800
1734435833892 0.67543547813722 1900
1734435843545 0.7109847138286527 2000
1734435853292 0.7465339495200853 2100
1734435862939 0.782083185211518 2200
1734435872678 0.8176324209029506 2300
1734435882524 0.8531816565943833 2400
1734435892373 0.8887308922858158 2500
1734435902347 0.9242801279772485 2600
1734435912306 0.9598293636686811 2700
1734435922355 0.9953785993601137 2800
1734435939671 1.0 2813
1734435939674 1.0 2813
1734435949065 1.0309278350515463 2900
1734435959276 1.066477070742979 3000
1734435969936 1.1020263064344116 3100
1734435980149 1.1375755421258442 3200
1734435990272 1.1731247778172769 3300
1734436000473 1.2086740135087095 3400
1734436010619 1.2442232492001422 3500
1734436020773 1.2797724848915748 3600
1734436030956 1.3153217205830074 3700
1734436041048 1.35087095627444 3800
1734436051135 1.3864201919658727 3900
1734436061268 1.4219694276573054 4000
1734436071434 1.457518663348738 4100
1734436081625 1.4930678990401707 4200
1734436091762 1.5286171347316033 4300
1734436101839 1.564166370423036 4400
1734436111922 1.5997156061144686 4500
1734436121953 1.6352648418059013 4600
1734436132038 1.670814077497334 4700
1734436142076 1.7063633131887666 4800
1734436152059 1.7419125488801992 4900
1734436162121 1.7774617845716318 5000
1734436172142 1.8130110202630645 5100
1734436182079 1.8485602559544971 5200
1734436192184 1.8841094916459296 5300
1734436202167 1.9196587273373622 5400
1734436212141 1.9552079630287948 5500
1734436222195 1.9907571987202275 5600
1734436240399 2.0 5626
1734436240403 2.0 5626
1734436248265 2.0263064344116604 5700
1734436258350 2.0618556701030926 5800
1734436268291 2.097404905794525 5900
1734436278235 2.132954141485958 6000
1734436288244 2.1685033771773905 6100
1734436298215 2.204052612868823 6200
1734436308077 2.239601848560256 6300
1734436318009 2.2751510842516884 6400
1734436327834 2.310700319943121 6500
1734436337967 2.3462495556345537 6600
1734436347861 2.3817987913259864 6700
1734436357698 2.417348027017419 6800
1734436367527 2.4528972627088517 6900
1734436377375 2.4884464984002843 7000
1734436387188 2.523995734091717 7100
1734436397116 2.5595449697831496 7200
1734436407018 2.5950942054745822 7300
1734436416948 2.630643441166015 7400
1734436426917 2.6661926768574475 7500
1734436436739 2.70174191254888 7600
1734436446577 2.737291148240313 7700
1734436456375 2.7728403839317455 7800
1734436466179 2.808389619623178 7900
1734436476063 2.8439388553146108 8000
1734436485838 2.8794880910060434 8100
1734436495972 2.915037326697476 8200
1734436505795 2.9505865623889087 8300
1734436515628 2.9861357980803414 8400
1734436535969 3.0 8439
1734436535973 3.0 8439
1734436536393 3.0 8439
