1734435657088 1.0653226375579834 100
1734435666849 1.5841814279556274 200
1734435676625 6.507699489593506 300
1734435686434 3.0163073539733887 400
1734435696399 3.3067402839660645 500
1734435706333 2.6877124309539795 600
1734435716035 2.0280048847198486 700
1734435725686 1.9522581100463867 800
1734435735364 1.911540150642395 900
1734435745461 2.1147398948669434 1000
1734435755393 1.6139026880264282 1100
1734435765198 3.095876455307007 1200
1734435775102 1.8359558582305908 1300
1734435784935 2.4031732082366943 1400
1734435794754 2.259422779083252 1500
1734435804592 5.873459815979004 1600
1734435814367 2.971529245376587 1700
1734435824148 3.6077325344085693 1800
1734435833892 5.639406681060791 1900
1734435843545 1.370516061782837 2000
1734435853292 1.3641144037246704 2100
1734435862939 1.1956793069839478 2200
1734435872678 3.0328004360198975 2300
1734435882524 5.812415599822998 2400
1734435892373 2.8514060974121094 2500
1734435902347 4.6318278312683105 2600
1734435912306 2.396958589553833 2700
1734435922355 1.9688444137573242 2800
1734435949065 3.2649667263031006 2900
1734435959276 3.545968770980835 3000
1734435969936 4.896861553192139 3100
1734435980149 1.6141467094421387 3200
1734435990272 1.6003623008728027 3300
1734436000473 1.833304524421692 3400
1734436010619 3.0494308471679688 3500
1734436020773 2.1041738986968994 3600
1734436030956 4.448856830596924 3700
1734436041048 1.3948159217834473 3800
1734436051135 5.232484817504883 3900
1734436061268 2.0231893062591553 4000
1734436071434 2.951037645339966 4100
1734436081625 1.5925215482711792 4200
1734436091762 2.0033066272735596 4300
1734436101839 4.345491886138916 4400
1734436111922 0.9948310852050781 4500
1734436121953 1.9234282970428467 4600
1734436132038 3.1777310371398926 4700
1734436142076 5.933257102966309 4800
1734436152059 2.5949137210845947 4900
1734436162121 7.971682548522949 5000
1734436172142 2.276458501815796 5100
1734436182079 5.611242771148682 5200
1734436192184 4.583548545837402 5300
1734436202167 1.6156939268112183 5400
1734436212141 4.429820537567139 5500
1734436222195 2.9010605812072754 5600
1734436248265 3.4125330448150635 5700
1734436258350 4.010476589202881 5800
1734436268291 2.722780466079712 5900
1734436278235 2.8706696033477783 6000
1734436288244 4.166291236877441 6100
1734436298215 1.866466999053955 6200
1734436308077 3.247837543487549 6300
1734436318009 2.5153021812438965 6400
1734436327834 3.249033212661743 6500
1734436337967 1.6400630474090576 6600
1734436347861 2.6488378047943115 6700
1734436357698 6.073398113250732 6800
1734436367527 4.747009754180908 6900
1734436377375 3.114809036254883 7000
1734436387188 2.1560702323913574 7100
1734436397116 5.136849880218506 7200
1734436407018 2.51228928565979 7300
1734436416948 4.5588154792785645 7400
1734436426917 5.6283860206604 7500
1734436436739 3.7654342651367188 7600
1734436446577 4.389061450958252 7700
1734436456375 2.459012508392334 7800
1734436466179 3.357884168624878 7900
1734436476063 4.742814064025879 8000
1734436485838 3.813636541366577 8100
1734436495972 1.6295194625854492 8200
1734436505795 2.457324743270874 8300
1734436515628 3.1463825702667236 8400
