1734435657088 4.9407512738476124e-05 100
1734435666849 4.8815025476952246e-05 200
1734435676625 4.822253821542837e-05 300
1734435686434 4.763005095390449e-05 400
1734435696399 4.703756369238061e-05 500
1734435706333 4.644507643085674e-05 600
1734435716035 4.585258916933286e-05 700
1734435725686 4.5260101907808984e-05 800
1734435735364 4.4667614646285106e-05 900
1734435745461 4.407512738476123e-05 1000
1734435755393 4.348264012323735e-05 1100
1734435765198 4.289015286171347e-05 1200
1734435775102 4.2297665600189594e-05 1300
1734435784935 4.1705178338665715e-05 1400
1734435794754 4.1112691077141844e-05 1500
1734435804592 4.0520203815617966e-05 1600
1734435814367 3.992771655409409e-05 1700
1734435824148 3.9335229292570217e-05 1800
1734435833892 3.874274203104634e-05 1900
1734435843545 3.815025476952246e-05 2000
1734435853292 3.755776750799858e-05 2100
1734435862939 3.6965280246474704e-05 2200
1734435872678 3.6372792984950826e-05 2300
1734435882524 3.578030572342695e-05 2400
1734435892373 3.518781846190307e-05 2500
1734435902347 3.459533120037919e-05 2600
1734435912306 3.4002843938855313e-05 2700
1734435922355 3.341035667733144e-05 2800
1734435949065 3.2817869415807564e-05 2900
1734435959276 3.2225382154283686e-05 3000
1734435969936 3.163289489275981e-05 3100
1734435980149 3.104040763123593e-05 3200
1734435990272 3.044792036971205e-05 3300
1734436000473 2.9855433108188173e-05 3400
1734436010619 2.92629458466643e-05 3500
1734436020773 2.867045858514042e-05 3600
1734436030956 2.8077971323616542e-05 3700
1734436041048 2.7485484062092664e-05 3800
1734436051135 2.6892996800568786e-05 3900
1734436061268 2.6300509539044908e-05 4000
1734436071434 2.5708022277521033e-05 4100
1734436081625 2.5115535015997155e-05 4200
1734436091762 2.452304775447328e-05 4300
1734436101839 2.3930560492949402e-05 4400
1734436111922 2.3338073231425524e-05 4500
1734436121953 2.2745585969901646e-05 4600
1734436132038 2.215309870837777e-05 4700
1734436142076 2.1560611446853893e-05 4800
1734436152059 2.0968124185330015e-05 4900
1734436162121 2.0375636923806137e-05 5000
1734436172142 1.9783149662282262e-05 5100
1734436182079 1.9190662400758384e-05 5200
1734436192184 1.859817513923451e-05 5300
1734436202167 1.800568787771063e-05 5400
1734436212141 1.7413200616186753e-05 5500
1734436222195 1.6820713354662875e-05 5600
1734436248265 1.6228226093138997e-05 5700
1734436258350 1.5635738831615122e-05 5800
1734436268291 1.5043251570091244e-05 5900
1734436278235 1.4450764308567366e-05 6000
1734436288244 1.385827704704349e-05 6100
1734436298215 1.3265789785519611e-05 6200
1734436308077 1.2673302523995733e-05 6300
1734436318009 1.2080815262471858e-05 6400
1734436327834 1.148832800094798e-05 6500
1734436337967 1.0895840739424102e-05 6600
1734436347861 1.0303353477900226e-05 6700
1734436357698 9.710866216376348e-06 6800
1734436367527 9.118378954852471e-06 6900
1734436377375 8.525891693328595e-06 7000
1734436387188 7.933404431804717e-06 7100
1734436397116 7.340917170280839e-06 7200
1734436407018 6.748429908756962e-06 7300
1734436416948 6.155942647233085e-06 7400
1734436426917 5.5634553857092076e-06 7500
1734436436739 4.97096812418533e-06 7600
1734436446577 4.378480862661453e-06 7700
1734436456375 3.785993601137576e-06 7800
1734436466179 3.1935063396136985e-06 7900
1734436476063 2.601019078089821e-06 8000
1734436485838 2.008531816565944e-06 8100
1734436495972 1.4160445550420666e-06 8200
1734436505795 8.235572935181894e-07 8300
1734436515628 2.3107003199431212e-07 8400
