1734435657088 0.6688 100
1734435666849 0.5164 200
1734435676625 0.4105 300
1734435686434 0.416 400
1734435696399 0.4151 500
1734435706333 0.3859 600
1734435716035 0.3905 700
1734435725686 0.3899 800
1734435735364 0.3887 900
1734435745461 0.3507 1000
1734435755393 0.3642 1100
1734435765198 0.3337 1200
1734435775102 0.3722 1300
1734435784935 0.3778 1400
1734435794754 0.365 1500
1734435804592 0.3802 1600
1734435814367 0.3656 1700
1734435824148 0.3126 1800
1734435833892 0.324 1900
1734435843545 0.3736 2000
1734435853292 0.36 2100
1734435862939 0.3415 2200
1734435872678 0.3493 2300
1734435882524 0.3335 2400
1734435892373 0.3429 2500
1734435902347 0.3352 2600
1734435912306 0.3534 2700
1734435922355 0.3427 2800
1734435949065 0.3244 2900
1734435959276 0.329 3000
1734435969936 0.3495 3100
1734435980149 0.3192 3200
1734435990272 0.3303 3300
1734436000473 0.3461 3400
1734436010619 0.3192 3500
1734436020773 0.3312 3600
1734436030956 0.3265 3700
1734436041048 0.3418 3800
1734436051135 0.3271 3900
1734436061268 0.3049 4000
1734436071434 0.3222 4100
1734436081625 0.3137 4200
1734436091762 0.3296 4300
1734436101839 0.329 4400
1734436111922 0.3226 4500
1734436121953 0.3088 4600
1734436132038 0.3353 4700
1734436142076 0.3359 4800
1734436152059 0.3047 4900
1734436162121 0.3014 5000
1734436172142 0.331 5100
1734436182079 0.3097 5200
1734436192184 0.3421 5300
1734436202167 0.3595 5400
1734436212141 0.3142 5500
1734436222195 0.3058 5600
1734436248265 0.3164 5700
1734436258350 0.2817 5800
1734436268291 0.3155 5900
1734436278235 0.3278 6000
1734436288244 0.3133 6100
1734436298215 0.3402 6200
1734436308077 0.3099 6300
1734436318009 0.3228 6400
1734436327834 0.302 6500
1734436337967 0.3067 6600
1734436347861 0.274 6700
1734436357698 0.315 6800
1734436367527 0.2877 6900
1734436377375 0.3282 7000
1734436387188 0.3228 7100
1734436397116 0.3035 7200
1734436407018 0.3284 7300
1734436416948 0.316 7400
1734436426917 0.2923 7500
1734436436739 0.2903 7600
1734436446577 0.3211 7700
1734436456375 0.3198 7800
1734436466179 0.3282 7900
1734436476063 0.2999 8000
1734436485838 0.318 8100
1734436495972 0.323 8200
1734436505795 0.3101 8300
1734436515628 0.3378 8400
