1738526636563 0.03554923569143263 100
1738526646702 0.07109847138286526 200
1738526657136 0.10664770707429791 300
1738526667532 0.14219694276573053 400
1738526678130 0.17774617845716317 500
1738526688667 0.21329541414859582 600
1738526699420 0.24884464984002844 700
1738526710637 0.28439388553146105 800
1738526721432 0.3199431212228937 900
1738526732213 0.35549235691432635 1000
1738526743062 0.391041592605759 1100
1738526753783 0.42659082829719164 1200
1738526764648 0.46214006398862423 1300
1738526775495 0.4976892996800569 1400
1738526786440 0.5332385353714895 1500
1738526797691 0.5687877710629221 1600
1738526808845 0.6043370067543548 1700
1738526820087 0.6398862424457874 1800
1738526832010 0.67543547813722 1900
1738526844007 0.7109847138286527 2000
1738526857181 0.7465339495200853 2100
1738526869357 0.782083185211518 2200
1738526882250 0.8176324209029506 2300
1738526895603 0.8531816565943833 2400
1738526908813 0.8887308922858158 2500
1738526921828 0.9242801279772485 2600
1738526935166 0.9598293636686811 2700
1738526948306 0.9953785993601137 2800
1738526971265 1.0 2813
1738526971270 1.0 2813
1738526983325 1.0309278350515463 2900
1738526997181 1.066477070742979 3000
1738527011141 1.1020263064344116 3100
1738527024663 1.1375755421258442 3200
1738527038324 1.1731247778172769 3300
1738527051803 1.2086740135087095 3400
1738527065125 1.2442232492001422 3500
1738527078330 1.2797724848915748 3600
1738527091324 1.3153217205830074 3700
1738527104416 1.35087095627444 3800
1738527117341 1.3864201919658727 3900
1738527130341 1.4219694276573054 4000
1738527143058 1.457518663348738 4100
1738527155778 1.4930678990401707 4200
1738527168412 1.5286171347316033 4300
1738527181057 1.564166370423036 4400
1738527193526 1.5997156061144686 4500
1738527205870 1.6352648418059013 4600
1738527218196 1.670814077497334 4700
1738527230611 1.7063633131887666 4800
1738527242892 1.7419125488801992 4900
1738527255039 1.7774617845716318 5000
1738527267121 1.8130110202630645 5100
1738527279184 1.8485602559544971 5200
1738527291254 1.8841094916459296 5300
1738527303298 1.9196587273373622 5400
1738527315205 1.9552079630287948 5500
1738527327173 1.9907571987202275 5600
1738527349422 2.0 5626
1738527349427 2.0 5626
1738527358896 2.0263064344116604 5700
1738527370898 2.0618556701030926 5800
1738527382620 2.097404905794525 5900
1738527394476 2.132954141485958 6000
1738527406443 2.1685033771773905 6100
1738527418173 2.204052612868823 6200
1738527429849 2.239601848560256 6300
1738527441568 2.2751510842516884 6400
1738527453300 2.310700319943121 6500
1738527464983 2.3462495556345537 6600
1738527476669 2.3817987913259864 6700
1738527488342 2.417348027017419 6800
1738527500159 2.4528972627088517 6900
1738527511801 2.4884464984002843 7000
1738527523437 2.523995734091717 7100
1738527535038 2.5595449697831496 7200
1738527546770 2.5950942054745822 7300
1738527558344 2.630643441166015 7400
1738527569958 2.6661926768574475 7500
1738527581550 2.70174191254888 7600
1738527593142 2.737291148240313 7700
1738527604630 2.7728403839317455 7800
1738527616257 2.808389619623178 7900
1738527627812 2.8439388553146108 8000
1738527639426 2.8794880910060434 8100
1738527650921 2.915037326697476 8200
1738527662529 2.9505865623889087 8300
1738527674091 2.9861357980803414 8400
1738527697499 3.0 8439
1738527697503 3.0 8439
1738527714409 3.021685033771774 8500
1738527725970 3.0572342694632066 8600
1738527737521 3.0927835051546393 8700
1738527748915 3.128332740846072 8800
1738527760418 3.1638819765375046 8900
1738527771871 3.1994312122289372 9000
1738527783281 3.23498044792037 9100
1738527794665 3.2705296836118025 9200
1738527806133 3.306078919303235 9300
1738527817498 3.341628154994668 9400
1738527828877 3.3771773906861 9500
1738527840358 3.412726626377533 9600
1738527852035 3.4482758620689653 9700
1738527863348 3.4838250977603984 9800
1738527874757 3.5193743334518306 9900
1738527886182 3.5549235691432637 10000
1738527897710 3.590472804834696 10100
1738527909137 3.6260220405261285 10200
1738527920655 3.661571276217561 10300
1738527932352 3.697120511908994 10400
1738527943827 3.7326697476004265 10500
1738527955297 3.768218983291859 10600
1738527966920 3.8037682189832918 10700
1738527978478 3.8393174546747244 10800
1738527990021 3.874866690366157 10900
1738528001548 3.9104159260575897 11000
1738528013157 3.9459651617490223 11100
1738528024749 3.981514397440455 11200
1738528049573 4.0 11252
1738528049579 4.0 11252
1738528055514 4.017063633131888 11300
1738528067177 4.052612868823321 11400
1738528078707 4.088162104514753 11500
1738528090328 4.123711340206185 11600
1738528101748 4.159260575897618 11700
1738528113360 4.19480981158905 11800
1738528124942 4.2303590472804835 11900
1738528136551 4.265908282971916 12000
1738528148160 4.301457518663349 12100
1738528159850 4.337006754354781 12200
1738528171506 4.372555990046214 12300
1738528183154 4.408105225737646 12400
1738528194875 4.443654461429079 12500
1738528206693 4.479203697120512 12600
1738528218392 4.514752932811945 12700
1738528230012 4.550302168503377 12800
1738528241633 4.58585140419481 12900
1738528253353 4.621400639886242 13000
1738528264993 4.656949875577675 13100
1738528276546 4.6924991112691075 13200
1738528288164 4.7280483469605405 13300
1738528299848 4.763597582651973 13400
1738528311405 4.799146818343406 13500
1738528323073 4.834696054034838 13600
1738528334838 4.870245289726271 13700
1738528346530 4.905794525417703 13800
1738528358041 4.941343761109136 13900
1738528369714 4.976892996800569 14000
1738528396189 5.0 14065
1738528396194 5.0 14065
1738528400729 5.012442232492002 14100
1738528412525 5.047991468183434 14200
1738528424140 5.083540703874867 14300
1738528435760 5.119089939566299 14400
1738528447439 5.154639175257732 14500
1738528459166 5.1901884109491645 14600
1738528470875 5.225737646640598 14700
1738528482619 5.26128688233203 14800
1738528494258 5.296836118023463 14900
1738528506042 5.332385353714895 15000
1738528517627 5.367934589406328 15100
1738528529380 5.40348382509776 15200
1738528541078 5.439033060789193 15300
1738528552785 5.474582296480626 15400
1738528564376 5.510131532172059 15500
1738528576244 5.545680767863491 15600
1738528587986 5.581230003554923 15700
1738528599701 5.616779239246356 15800
1738528611467 5.6523284749377884 15900
1738528623970 5.6878777106292215 16000
1738528636532 5.723426946320654 16100
1738528648491 5.758976182012087 16200
1738528660259 5.794525417703519 16300
1738528672437 5.830074653394952 16400
1738528685049 5.865623889086384 16500
1738528696805 5.901173124777817 16600
1738528708454 5.93672236046925 16700
1738528720599 5.972271596160683 16800
1738528749180 6.0 16878
1738528749187 6.0 16878
1738528749834 6.0 16878
