1738526636563 1.1090103387832642 100
1738526646702 1.694830298423767 200
1738526657136 6.335176467895508 300
1738526667532 2.7125861644744873 400
1738526678130 3.1419010162353516 500
1738526688667 2.67688250541687 600
1738526699420 2.037524461746216 700
1738526710637 2.183776617050171 800
1738526721432 1.8153234720230103 900
1738526732213 1.9256685972213745 1000
1738526743062 1.8019053936004639 1100
1738526753783 3.285059928894043 1200
1738526764648 1.399396300315857 1300
1738526775495 2.336221218109131 1400
1738526786440 2.0557594299316406 1500
1738526797691 5.465295314788818 1600
1738526808845 3.18017315864563 1700
1738526820087 3.470670223236084 1800
1738526832010 6.035851955413818 1900
1738526844007 1.3454885482788086 2000
1738526857181 1.2745258808135986 2100
1738526869357 1.3931857347488403 2200
1738526882250 2.872882843017578 2300
1738526895603 6.354691982269287 2400
1738526908813 3.7048168182373047 2500
1738526921828 4.446371078491211 2600
1738526935166 2.4055233001708984 2700
1738526948306 2.0835602283477783 2800
1738526983325 3.4399335384368896 2900
1738526997181 3.85931134223938 3000
1738527011141 5.124141216278076 3100
1738527024663 1.9458664655685425 3200
1738527038324 1.5554195642471313 3300
1738527051803 1.9242502450942993 3400
1738527065125 4.198703765869141 3500
1738527078330 2.1359760761260986 3600
1738527091324 4.832136154174805 3700
1738527104416 1.3201879262924194 3800
1738527117341 5.567716598510742 3900
1738527130341 1.9893420934677124 4000
1738527143058 3.6077351570129395 4100
1738527155778 1.5676488876342773 4200
1738527168412 1.9304161071777344 4300
1738527181057 6.076977252960205 4400
1738527193526 1.9937583208084106 4500
1738527205870 1.6127712726593018 4600
1738527218196 3.4813270568847656 4700
1738527230611 5.909041881561279 4800
1738527242892 2.8633017539978027 4900
1738527255039 9.194957733154297 5000
1738527267121 2.4619028568267822 5100
1738527279184 6.429717540740967 5200
1738527291254 4.7728495597839355 5300
1738527303298 1.5111998319625854 5400
1738527315205 3.4166109561920166 5500
1738527327173 3.567302703857422 5600
1738527358896 3.6006195545196533 5700
1738527370898 4.641852855682373 5800
1738527382620 2.671995162963867 5900
1738527394476 2.2714831829071045 6000
1738527406443 3.2747461795806885 6100
1738527418173 1.7377119064331055 6200
1738527429849 2.949972629547119 6300
1738527441568 2.6176791191101074 6400
1738527453300 3.2921042442321777 6500
1738527464983 1.8360018730163574 6600
1738527476669 4.087835788726807 6700
1738527488342 5.3501176834106445 6800
1738527500159 5.5849480628967285 6900
1738527511801 3.019512414932251 7000
1738527523437 1.9393855333328247 7100
1738527535038 4.9642229080200195 7200
1738527546770 2.7523629665374756 7300
1738527558344 2.9203686714172363 7400
1738527569958 7.37936544418335 7500
1738527581550 3.986758232116699 7600
1738527593142 5.4536590576171875 7700
1738527604630 1.816063642501831 7800
1738527616257 4.021965980529785 7900
1738527627812 4.907589435577393 8000
1738527639426 3.510143756866455 8100
1738527650921 1.6426455974578857 8200
1738527662529 3.2823596000671387 8300
1738527674091 2.038939952850342 8400
1738527714409 4.776874542236328 8500
1738527725970 2.4825501441955566 8600
1738527737521 6.681546211242676 8700
1738527748915 10.19900894165039 8800
1738527760418 5.709115982055664 8900
1738527771871 2.017340660095215 9000
1738527783281 2.798194408416748 9100
1738527794665 6.402678966522217 9200
1738527806133 3.1348326206207275 9300
1738527817498 7.106342315673828 9400
1738527828877 2.0992701053619385 9500
1738527840358 5.098464012145996 9600
1738527852035 2.445012092590332 9700
1738527863348 3.0309057235717773 9800
1738527874757 3.2419493198394775 9900
1738527886182 4.112853050231934 10000
1738527897710 4.323575496673584 10100
1738527909137 5.251811504364014 10200
1738527920655 4.089155197143555 10300
1738527932352 4.761532306671143 10400
1738527943827 5.1442952156066895 10500
1738527955297 3.67706561088562 10600
1738527966920 2.995330333709717 10700
1738527978478 1.6510001420974731 10800
1738527990021 2.8357739448547363 10900
1738528001548 3.2226240634918213 11000
1738528013157 2.7916154861450195 11100
1738528024749 1.591133713722229 11200
1738528055514 2.3103134632110596 11300
1738528067177 3.7115917205810547 11400
1738528078707 6.797297954559326 11500
1738528090328 4.880240440368652 11600
1738528101748 3.681377649307251 11700
1738528113360 4.5168585777282715 11800
1738528124942 6.38639497756958 11900
1738528136551 4.337815761566162 12000
1738528148160 4.523017883300781 12100
1738528159850 8.007081031799316 12200
1738528171506 3.6047844886779785 12300
1738528183154 3.307361125946045 12400
1738528194875 3.5896012783050537 12500
1738528206693 5.0022664070129395 12600
1738528218392 4.098546981811523 12700
1738528230012 4.548008918762207 12800
1738528241633 2.8660106658935547 12900
1738528253353 3.911410331726074 13000
1738528264993 5.108477592468262 13100
1738528276546 2.0743963718414307 13200
1738528288164 5.949525356292725 13300
1738528299848 3.7157750129699707 13400
1738528311405 3.813835382461548 13500
1738528323073 4.521749019622803 13600
1738528334838 6.089420795440674 13700
1738528346530 8.73503303527832 13800
1738528358041 4.827995777130127 13900
1738528369714 5.69901704788208 14000
1738528400729 3.5702171325683594 14100
1738528412525 3.4189302921295166 14200
1738528424140 4.192612171173096 14300
1738528435760 4.370635032653809 14400
1738528447439 8.514213562011719 14500
1738528459166 5.248019218444824 14600
1738528470875 4.1971755027771 14700
1738528482619 4.422645092010498 14800
1738528494258 0.9782403707504272 14900
1738528506042 2.826206922531128 15000
1738528517627 4.544978141784668 15100
1738528529380 6.188085556030273 15200
1738528541078 0.8613664507865906 15300
1738528552785 3.539525032043457 15400
1738528564376 4.920435905456543 15500
1738528576244 5.688995838165283 15600
1738528587986 9.29687213897705 15700
1738528599701 2.123171329498291 15800
1738528611467 2.869481325149536 15900
1738528623970 4.133080959320068 16000
1738528636532 3.513967990875244 16100
1738528648491 2.2073845863342285 16200
1738528660259 4.450287818908691 16300
1738528672437 3.061506986618042 16400
1738528685049 0.5222225785255432 16500
1738528696805 4.24483585357666 16600
1738528708454 4.641704082489014 16700
1738528720599 4.2915544509887695 16800
