1738526636563 4.982225382154284e-05 100
1738526646702 4.964450764308568e-05 200
1738526657136 4.946676146462851e-05 300
1738526667532 4.9289015286171345e-05 400
1738526678130 4.9111269107714185e-05 500
1738526688667 4.8933522929257026e-05 600
1738526699420 4.875577675079986e-05 700
1738526710637 4.85780305723427e-05 800
1738526721432 4.8400284393885534e-05 900
1738526732213 4.822253821542837e-05 1000
1738526743062 4.804479203697121e-05 1100
1738526753783 4.786704585851404e-05 1200
1738526764648 4.768929968005688e-05 1300
1738526775495 4.7511553501599724e-05 1400
1738526786440 4.733380732314255e-05 1500
1738526797691 4.715606114468539e-05 1600
1738526808845 4.6978314966228225e-05 1700
1738526820087 4.6800568787771066e-05 1800
1738526832010 4.6622822609313907e-05 1900
1738526844007 4.644507643085674e-05 2000
1738526857181 4.6267330252399574e-05 2100
1738526869357 4.608958407394241e-05 2200
1738526882250 4.591183789548525e-05 2300
1738526895603 4.573409171702809e-05 2400
1738526908813 4.555634553857092e-05 2500
1738526921828 4.537859936011376e-05 2600
1738526935166 4.520085318165659e-05 2700
1738526948306 4.502310700319943e-05 2800
1738526983325 4.484536082474227e-05 2900
1738526997181 4.4667614646285106e-05 3000
1738527011141 4.448986846782795e-05 3100
1738527024663 4.431212228937078e-05 3200
1738527038324 4.4134376110913614e-05 3300
1738527051803 4.3956629932456455e-05 3400
1738527065125 4.377888375399929e-05 3500
1738527078330 4.360113757554213e-05 3600
1738527091324 4.342339139708497e-05 3700
1738527104416 4.32456452186278e-05 3800
1738527117341 4.306789904017064e-05 3900
1738527130341 4.289015286171347e-05 4000
1738527143058 4.271240668325631e-05 4100
1738527155778 4.253466050479915e-05 4200
1738527168412 4.235691432634199e-05 4300
1738527181057 4.217916814788482e-05 4400
1738527193526 4.2001421969427655e-05 4500
1738527205870 4.1823675790970495e-05 4600
1738527218196 4.1645929612513336e-05 4700
1738527230611 4.146818343405617e-05 4800
1738527242892 4.129043725559901e-05 4900
1738527255039 4.1112691077141844e-05 5000
1738527267121 4.093494489868468e-05 5100
1738527279184 4.075719872022752e-05 5200
1738527291254 4.057945254177035e-05 5300
1738527303298 4.040170636331319e-05 5400
1738527315205 4.022396018485603e-05 5500
1738527327173 4.004621400639886e-05 5600
1738527358896 3.98684678279417e-05 5700
1738527370898 3.9690721649484535e-05 5800
1738527382620 3.9512975471027376e-05 5900
1738527394476 3.9335229292570217e-05 6000
1738527406443 3.915748311411305e-05 6100
1738527418173 3.8979736935655884e-05 6200
1738527429849 3.880199075719872e-05 6300
1738527441568 3.862424457874156e-05 6400
1738527453300 3.84464984002844e-05 6500
1738527464983 3.826875222182723e-05 6600
1738527476669 3.809100604337007e-05 6700
1738527488342 3.791325986491291e-05 6800
1738527500159 3.773551368645574e-05 6900
1738527511801 3.755776750799858e-05 7000
1738527523437 3.7380021329541416e-05 7100
1738527535038 3.720227515108426e-05 7200
1738527546770 3.702452897262709e-05 7300
1738527558344 3.6846782794169924e-05 7400
1738527569958 3.6669036615712765e-05 7500
1738527581550 3.64912904372556e-05 7600
1738527593142 3.631354425879844e-05 7700
1738527604630 3.613579808034127e-05 7800
1738527616257 3.595805190188411e-05 7900
1738527627812 3.578030572342695e-05 8000
1738527639426 3.560255954496978e-05 8100
1738527650921 3.542481336651262e-05 8200
1738527662529 3.524706718805546e-05 8300
1738527674091 3.50693210095983e-05 8400
1738527714409 3.489157483114113e-05 8500
1738527725970 3.4713828652683964e-05 8600
1738527737521 3.4536082474226805e-05 8700
1738527748915 3.4358336295769646e-05 8800
1738527760418 3.418059011731248e-05 8900
1738527771871 3.4002843938855313e-05 9000
1738527783281 3.3825097760398154e-05 9100
1738527794665 3.364735158194099e-05 9200
1738527806133 3.346960540348383e-05 9300
1738527817498 3.329185922502666e-05 9400
1738527828877 3.31141130465695e-05 9500
1738527840358 3.293636686811234e-05 9600
1738527852035 3.275862068965517e-05 9700
1738527863348 3.258087451119801e-05 9800
1738527874757 3.2403128332740845e-05 9900
1738527886182 3.2225382154283686e-05 10000
1738527897710 3.2047635975826526e-05 10100
1738527909137 3.1869889797369354e-05 10200
1738527920655 3.1692143618912194e-05 10300
1738527932352 3.151439744045503e-05 10400
1738527943827 3.133665126199787e-05 10500
1738527955297 3.115890508354071e-05 10600
1738527966920 3.098115890508354e-05 10700
1738527978478 3.080341272662638e-05 10800
1738527990021 3.062566654816922e-05 10900
1738528001548 3.044792036971205e-05 11000
1738528013157 3.0270174191254892e-05 11100
1738528024749 3.0092428012797726e-05 11200
1738528055514 2.9914681834340563e-05 11300
1738528067177 2.9736935655883404e-05 11400
1738528078707 2.9559189477426234e-05 11500
1738528090328 2.9381443298969075e-05 11600
1738528101748 2.920369712051191e-05 11700
1738528113360 2.9025950942054746e-05 11800
1738528124942 2.8848204763597587e-05 11900
1738528136551 2.867045858514042e-05 12000
1738528148160 2.8492712406683258e-05 12100
1738528159850 2.831496622822609e-05 12200
1738528171506 2.8137220049768932e-05 12300
1738528183154 2.795947387131177e-05 12400
1738528194875 2.7781727692854603e-05 12500
1738528206693 2.7603981514397444e-05 12600
1738528218392 2.742623533594028e-05 12700
1738528230012 2.7248489157483115e-05 12800
1738528241633 2.7070742979025952e-05 12900
1738528253353 2.6892996800568786e-05 13000
1738528264993 2.6715250622111627e-05 13100
1738528276546 2.6537504443654464e-05 13200
1738528288164 2.6359758265197298e-05 13300
1738528299848 2.618201208674014e-05 13400
1738528311405 2.6004265908282972e-05 13500
1738528323073 2.582651972982581e-05 13600
1738528334838 2.564877355136865e-05 13700
1738528346530 2.547102737291148e-05 13800
1738528358041 2.529328119445432e-05 13900
1738528369714 2.5115535015997155e-05 14000
1738528400729 2.4937788837539992e-05 14100
1738528412525 2.476004265908283e-05 14200
1738528424140 2.458229648062567e-05 14300
1738528435760 2.4404550302168504e-05 14400
1738528447439 2.422680412371134e-05 14500
1738528459166 2.404905794525418e-05 14600
1738528470875 2.3871311766797012e-05 14700
1738528482619 2.3693565588339853e-05 14800
1738528494258 2.351581940988269e-05 14900
1738528506042 2.3338073231425524e-05 15000
1738528517627 2.316032705296836e-05 15100
1738528529380 2.2982580874511202e-05 15200
1738528541078 2.2804834696054036e-05 15300
1738528552785 2.2627088517596873e-05 15400
1738528564376 2.244934233913971e-05 15500
1738528576244 2.2271596160682544e-05 15600
1738528587986 2.2093849982225385e-05 15700
1738528599701 2.191610380376822e-05 15800
1738528611467 2.1738357625311056e-05 15900
1738528623970 2.1560611446853893e-05 16000
1738528636532 2.138286526839673e-05 16100
1738528648491 2.1205119089939568e-05 16200
1738528660259 2.1027372911482405e-05 16300
1738528672437 2.084962673302524e-05 16400
1738528685049 2.0671880554568076e-05 16500
1738528696805 2.0494134376110917e-05 16600
1738528708454 2.031638819765375e-05 16700
1738528720599 2.0138642019196588e-05 16800
