1738526636563 0.6692 100
1738526646702 0.5159 200
1738526657136 0.4143 300
1738526667532 0.4182 400
1738526678130 0.4141 500
1738526688667 0.3869 600
1738526699420 0.3917 700
1738526710637 0.3906 800
1738526721432 0.3839 900
1738526732213 0.3503 1000
1738526743062 0.3643 1100
1738526753783 0.337 1200
1738526764648 0.3688 1300
1738526775495 0.3827 1400
1738526786440 0.3623 1500
1738526797691 0.3826 1600
1738526808845 0.3633 1700
1738526820087 0.3129 1800
1738526832010 0.3218 1900
1738526844007 0.3746 2000
1738526857181 0.3581 2100
1738526869357 0.339 2200
1738526882250 0.3502 2300
1738526895603 0.3339 2400
1738526908813 0.3399 2500
1738526921828 0.3325 2600
1738526935166 0.353 2700
1738526948306 0.3386 2800
1738526983325 0.3236 2900
1738526997181 0.3235 3000
1738527011141 0.3432 3100
1738527024663 0.3161 3200
1738527038324 0.3257 3300
1738527051803 0.3422 3400
1738527065125 0.3191 3500
1738527078330 0.3265 3600
1738527091324 0.3217 3700
1738527104416 0.3455 3800
1738527117341 0.326 3900
1738527130341 0.3031 4000
1738527143058 0.3219 4100
1738527155778 0.3119 4200
1738527168412 0.3306 4300
1738527181057 0.3328 4400
1738527193526 0.3171 4500
1738527205870 0.3031 4600
1738527218196 0.3314 4700
1738527230611 0.3326 4800
1738527242892 0.3074 4900
1738527255039 0.2981 5000
1738527267121 0.3266 5100
1738527279184 0.3078 5200
1738527291254 0.3397 5300
1738527303298 0.3536 5400
1738527315205 0.3116 5500
1738527327173 0.3058 5600
1738527358896 0.3165 5700
1738527370898 0.2779 5800
1738527382620 0.3105 5900
1738527394476 0.324 6000
1738527406443 0.3046 6100
1738527418173 0.3348 6200
1738527429849 0.3035 6300
1738527441568 0.3163 6400
1738527453300 0.303 6500
1738527464983 0.3038 6600
1738527476669 0.2723 6700
1738527488342 0.3128 6800
1738527500159 0.2831 6900
1738527511801 0.3158 7000
1738527523437 0.3081 7100
1738527535038 0.3034 7200
1738527546770 0.3251 7300
1738527558344 0.3046 7400
1738527569958 0.2927 7500
1738527581550 0.2809 7600
1738527593142 0.317 7700
1738527604630 0.3138 7800
1738527616257 0.3186 7900
1738527627812 0.3019 8000
1738527639426 0.3114 8100
1738527650921 0.3126 8200
1738527662529 0.3086 8300
1738527674091 0.3288 8400
1738527714409 0.2949 8500
1738527725970 0.2954 8600
1738527737521 0.277 8700
1738527748915 0.2817 8800
1738527760418 0.302 8900
1738527771871 0.2967 9000
1738527783281 0.2976 9100
1738527794665 0.3038 9200
1738527806133 0.3076 9300
1738527817498 0.2789 9400
1738527828877 0.2989 9500
1738527840358 0.2684 9600
1738527852035 0.2926 9700
1738527863348 0.3132 9800
1738527874757 0.2895 9900
1738527886182 0.3256 10000
1738527897710 0.2932 10100
1738527909137 0.3149 10200
1738527920655 0.2728 10300
1738527932352 0.2773 10400
1738527943827 0.3066 10500
1738527955297 0.2951 10600
1738527966920 0.3002 10700
1738527978478 0.2884 10800
1738527990021 0.2886 10900
1738528001548 0.3044 11000
1738528013157 0.2954 11100
1738528024749 0.2835 11200
1738528055514 0.2862 11300
1738528067177 0.3065 11400
1738528078707 0.2684 11500
1738528090328 0.28 11600
1738528101748 0.2795 11700
1738528113360 0.3022 11800
1738528124942 0.2821 11900
1738528136551 0.28 12000
1738528148160 0.2907 12100
1738528159850 0.2922 12200
1738528171506 0.2799 12300
1738528183154 0.308 12400
1738528194875 0.2781 12500
1738528206693 0.2693 12600
1738528218392 0.3025 12700
1738528230012 0.2732 12800
1738528241633 0.3122 12900
1738528253353 0.2858 13000
1738528264993 0.3167 13100
1738528276546 0.2958 13200
1738528288164 0.3121 13300
1738528299848 0.2634 13400
1738528311405 0.2967 13500
1738528323073 0.2911 13600
1738528334838 0.2733 13700
1738528346530 0.2663 13800
1738528358041 0.2853 13900
1738528369714 0.2994 14000
1738528400729 0.269 14100
1738528412525 0.2582 14200
1738528424140 0.2659 14300
1738528435760 0.2548 14400
1738528447439 0.2962 14500
1738528459166 0.2842 14600
1738528470875 0.2757 14700
1738528482619 0.2739 14800
1738528494258 0.2808 14900
1738528506042 0.2726 15000
1738528517627 0.2931 15100
1738528529380 0.2721 15200
1738528541078 0.2658 15300
1738528552785 0.2876 15400
1738528564376 0.2735 15500
1738528576244 0.2899 15600
1738528587986 0.2745 15700
1738528599701 0.3001 15800
1738528611467 0.2838 15900
1738528623970 0.3055 16000
1738528636532 0.2903 16100
1738528648491 0.2714 16200
1738528660259 0.3082 16300
1738528672437 0.2661 16400
1738528685049 0.2651 16500
1738528696805 0.2588 16600
1738528708454 0.2935 16700
1738528720599 0.2876 16800
